'time_elapsed' 'pm25 [ug]/m3' 'pm10 [ug]/m3' 'NO2  [ug/m3] ' 'CO  [ug/m3] ' '/' '/' 'data' 'ora' 
1.33514404296875e-05 7.0 8.9 -41.42144495412843 153.98716517857142 0.0 0.0 '14/09/2021' '14:55:43' 
4.604294061660767 7.0 10.0 -7.491972477064222 257.355220734127 0.0 0.0 '14/09/2021' '14:55:48' 
7.750631093978882 7.0 10.3 -43.065366972477065 262.6088169642857 0.0 0.0 '14/09/2021' '14:55:51' 
10.914656400680542 7.0 10.1 -57.96846330275229 230.7322668650794 0.0 0.0 '14/09/2021' '14:55:54' 
13.765037298202515 7.0 9.1 -36.32798165137615 337.863033234127 0.0 0.0 '14/09/2021' '14:55:57' 
16.793904304504395 6.9 9.1 -8.327408256880734 317.4875992063492 0.0 0.0 '14/09/2021' '14:56:00' 
19.81771993637085 7.0 8.9 -34.09116972477064 187.35460069444446 0.0 0.0 '14/09/2021' '14:56:03' 
22.814788341522217 7.0 8.7 -3.6381880733944953 214.90048363095238 0.0 0.0 '14/09/2021' '14:56:06' 
25.721415042877197 7.0 8.8 -68.45183486238533 145.82279265873018 0.0 0.0 '14/09/2021' '14:56:09' 
28.75000286102295 7.1 8.9 -67.69724770642202 76.95808531746032 0.0 0.0 '14/09/2021' '14:56:12' 
31.801456212997437 7.1 9.0 -11.291857798165138 -38.26605902777777 0.0 0.0 '14/09/2021' '14:56:15' 
34.757092237472534 7.0 8.5 -40.93635321100917 326.78788442460313 0.0 0.0 '14/09/2021' '14:56:18' 
37.82579708099365 7.0 8.6 10.079128440366967 329.27269345238096 0.0 0.0 '14/09/2021' '14:56:21' 
40.79738116264343 7.0 8.6 -72.62901376146789 303.07570684523813 0.0 0.0 '14/09/2021' '14:56:24' 
43.819865226745605 7.0 8.8 -59.61238532110091 280.71242559523813 0.0 0.0 '14/09/2021' '14:56:27' 
46.7235689163208 7.1 9.4 1.455275229357792 242.44636656746033 0.0 0.0 '14/09/2021' '14:56:30' 
49.71072053909302 7.1 9.6 -45.89506880733945 297.6801215277778 0.0 0.0 '14/09/2021' '14:56:33' 
53.24085879325867 7.1 9.6 1.212729357798165 301.51382688492066 0.0 0.0 '14/09/2021' '14:56:36' 
56.232250690460205 7.1 9.6 -10.833715596330276 315.71273561507934 0.0 0.0 '14/09/2021' '14:56:39' 
59.22890663146973 7.2 9.6 15.81938073394495 190.83333333333331 0.0 0.0 '14/09/2021' '14:56:42' 
62.25917315483093 7.2 9.3 -83.67832568807339 293.4204489087302 0.0 0.0 '14/09/2021' '14:56:45' 
65.2666232585907 7.1 9.2 -39.50802752293578 171.23883928571428 0.0 0.0 '14/09/2021' '14:56:48' 
68.22366762161255 7.0 9.1 -74.40768348623853 337.01109871031747 0.0 0.0 '14/09/2021' '14:56:51' 
71.29237866401672 6.9 8.8 -30.264334862385322 341.9097222222222 0.0 0.0 '14/09/2021' '14:56:54' 
74.29693460464478 7.0 8.9 -107.55561926605505 74.40228174603175 0.0 0.0 '14/09/2021' '14:56:57' 
77.29791617393494 6.9 8.9 -20.293004587155966 174.5045882936508 0.0 0.0 '14/09/2021' '14:57:00' 
80.31606245040894 6.8 8.8 -60.71731651376146 53.7428695436508 0.0 0.0 '14/09/2021' '14:57:03' 
83.28421092033386 6.9 9.0 -36.0315366972477 30.030691964285715 0.0 0.0 '14/09/2021' '14:57:06' 
86.21480989456177 7.0 9.0 25.81766055045871 71.20752728174604 0.0 0.0 '14/09/2021' '14:57:09' 
89.22103190422058 7.0 8.9 -71.25458715596329 339.0699404761904 0.0 0.0 '14/09/2021' '14:57:12' 
92.22033715248108 7.0 8.8 51.20412844036697 300.022941468254 0.0 0.0 '14/09/2021' '14:57:15' 
95.22438526153564 6.9 7.7 14.310206422018346 305.3475322420635 0.0 0.0 '14/09/2021' '14:57:18' 
98.23731803894043 6.9 7.7 14.768348623853205 241.8074156746032 0.0 0.0 '14/09/2021' '14:57:21' 
101.24646735191345 6.9 7.6 30.318233944954127 200.2756076388889 0.0 0.0 '14/09/2021' '14:57:24' 
104.2305555343628 7.0 7.8 -41.42144495412843 196.796875 0.0 0.0 '14/09/2021' '14:57:27' 
107.2837405204773 6.9 8.2 25.89850917431192 235.77287946428572 0.0 0.0 '14/09/2021' '14:57:30' 
110.24785542488098 6.9 8.8 -35.84288990825688 -88.60119047619048 0.0 0.0 '14/09/2021' '14:57:33' 
113.23317384719849 6.9 8.7 -1.7517201834862384 214.11954365079364 0.0 0.0 '14/09/2021' '14:57:36' 
116.24955987930298 6.9 9.2 42.66112385321101 231.86817956349205 0.0 0.0 '14/09/2021' '14:57:39' 
119.26900744438171 6.9 9.1 5.578555045871556 202.12146577380952 0.0 0.0 '14/09/2021' '14:57:42' 
122.26993346214294 6.9 9.0 5.416857798165136 214.7584945436508 0.0 0.0 '14/09/2021' '14:57:45' 
125.26907587051392 6.9 8.9 -48.59002293577982 169.32198660714286 0.0 0.0 '14/09/2021' '14:57:48' 
128.28304886817932 6.9 8.8 12.42373853211009 312.2340029761904 0.0 0.0 '14/09/2021' '14:57:51' 
131.2554588317871 6.9 9.0 -11.80389908256881 293.136470734127 0.0 0.0 '14/09/2021' '14:57:54' 
134.28926253318787 7.0 9.2 -27.46158256880734 21.01438492063492 0.0 0.0 '14/09/2021' '14:57:57' 
137.2944312095642 6.9 8.6 47.646788990825684 304.56659226190476 0.0 0.0 '14/09/2021' '14:58:00' 
140.30035781860352 6.9 8.6 15.280389908256879 319.3334573412699 0.0 0.0 '14/09/2021' '14:58:03' 
143.29956150054932 6.9 8.6 25.0091743119266 286.604972718254 0.0 0.0 '14/09/2021' '14:58:06' 
146.30106258392334 7.0 8.6 31.800458715596324 314.2218501984127 0.0 0.0 '14/09/2021' '14:58:09' 
149.29257988929749 6.9 8.7 26.16800458715596 266.5135168650794 0.0 0.0 '14/09/2021' '14:58:12' 
152.27316665649414 6.9 8.5 -12.747133027522937 308.6842757936508 0.0 0.0 '14/09/2021' '14:58:15' 
155.2897505760193 6.9 8.6 -38.861238532110086 244.1502356150794 0.0 0.0 '14/09/2021' '14:58:18' 
158.32295632362366 6.9 8.4 -14.121559633027523 281.35137648809524 0.0 0.0 '14/09/2021' '14:58:21' 
161.30941438674927 6.9 8.4 -59.18119266055045 144.40290178571428 0.0 0.0 '14/09/2021' '14:58:24' 
164.35168838500977 6.8 8.3 22.826261467889903 333.6743551587302 0.0 0.0 '14/09/2021' '14:58:27' 
167.31061673164368 6.7 8.2 -112.59518348623851 302.3657614087302 0.0 0.0 '14/09/2021' '14:58:30' 
170.2841386795044 6.8 9.8 -19.34977064220184 46.00446428571429 0.0 0.0 '14/09/2021' '14:58:33' 
173.28551530838013 6.7 9.5 -13.286123853211011 241.8074156746032 0.0 0.0 '14/09/2021' '14:58:36' 
176.28248572349548 6.6 9.9 -39.72362385321101 338.21800595238096 0.0 0.0 '14/09/2021' '14:58:39' 
179.28210711479187 6.6 9.9 -11.884747706422024 318.6235119047619 0.0 0.0 '14/09/2021' '14:58:42' 
182.25983929634094 6.6 10.0 -52.52465596330274 301.6558159722222 0.0 0.0 '14/09/2021' '14:58:46' 
185.8012993335724 6.6 10.0 -14.202408256880734 273.54197668650795 0.0 0.0 '14/09/2021' '14:58:49' 
188.8027150630951 6.6 10.3 -40.66685779816514 151.0763888888889 0.0 0.0 '14/09/2021' '14:58:52' 
191.83641600608826 6.7 10.4 -15.657683486238533 238.75465029761907 0.0 0.0 '14/09/2021' '14:58:55' 
194.812894821167 6.6 10.3 -44.60149082568807 269.6372767857143 0.0 0.0 '14/09/2021' '14:58:58' 
197.84424662590027 6.6 9.2 -74.24598623853211 213.33860367063494 0.0 0.0 '14/09/2021' '14:59:01' 
200.80978989601135 6.6 8.5 -17.651949541284402 353.1268601190476 0.0 0.0 '14/09/2021' '14:59:04' 
203.8037612438202 6.5 8.5 -111.97534403669725 249.4038318452381 0.0 0.0 '14/09/2021' '14:59:07' 
206.80149006843567 6.5 8.4 -14.04071100917431 274.53590029761904 0.0 0.0 '14/09/2021' '14:59:10' 
209.82196021080017 6.5 8.3 -42.01433486238532 263.88671875 0.0 0.0 '14/09/2021' '14:59:13' 
212.85054731369019 6.5 8.4 -66.45756880733944 260.76295882936506 0.0 0.0 '14/09/2021' '14:59:16' 
215.79068899154663 6.5 8.3 -7.222477064220186 179.75818452380952 0.0 0.0 '14/09/2021' '14:59:19' 
218.80945014953613 6.6 8.5 -21.317087155963304 304.85057043650795 0.0 0.0 '14/09/2021' '14:59:22' 
221.82053995132446 6.6 9.4 -19.43061926605505 304.42460317460313 0.0 0.0 '14/09/2021' '14:59:25' 
224.82739281654358 6.6 9.2 -52.71330275229358 115.01116071428571 0.0 0.0 '14/09/2021' '14:59:28' 
227.85116624832153 6.6 9.2 -31.477064220183486 210.85379464285717 0.0 0.0 '14/09/2021' '14:59:31' 
231.32462978363037 6.6 9.3 -25.76376146788991 268.0753968253968 0.0 0.0 '14/09/2021' '14:59:34' 
234.33268642425537 6.6 9.3 -22.0177752293578 198.1457713293651 0.0 0.0 '14/09/2021' '14:59:37' 
237.3347668647766 6.6 9.2 -47.26949541284403 331.75750248015873 0.0 0.0 '14/09/2021' '14:59:40' 
240.26082730293274 6.6 9.0 -92.35607798165137 267.7914186507937 0.0 0.0 '14/09/2021' '14:59:43' 
243.27691388130188 6.6 9.7 -2.1559633027522933 40.892857142857146 0.0 0.0 '14/09/2021' '14:59:46' 
246.32296752929688 6.6 9.7 -45.679472477064216 248.97786458333331 0.0 0.0 '14/09/2021' '14:59:49' 
249.28605771064758 6.6 9.8 -8.516055045871562 307.3353794642857 0.0 0.0 '14/09/2021' '14:59:52' 
252.29977750778198 6.7 9.8 -13.555619266055048 227.75049603174602 0.0 0.0 '14/09/2021' '14:59:55' 
255.34111189842224 6.7 9.8 36.78612385321101 285.75303819444446 0.0 0.0 '14/09/2021' '14:59:58' 
258.3197808265686 6.8 9.8 27.919724770642198 256.85825892857144 0.0 0.0 '14/09/2021' '15:00:01' 
261.3397717475891 6.7 8.3 17.78669724770642 278.2986111111111 0.0 0.0 '14/09/2021' '15:00:04' 
264.2871298789978 6.8 8.9 -83.57052752293578 196.7258804563492 0.0 0.0 '14/09/2021' '15:00:07' 
267.2455315589905 6.9 9.0 22.50286697247706 261.6148933531746 0.0 0.0 '14/09/2021' '15:00:10' 
270.28153252601624 6.9 9.1 5.389908256880734 155.62003968253967 0.0 0.0 '14/09/2021' '15:00:13' 
273.2725329399109 6.9 9.1 90.65825688073393 309.9621775793651 0.0 0.0 '14/09/2021' '15:00:16' 
276.52489590644836 6.9 9.0 118.03899082568806 67.87078373015873 0.0 0.0 '14/09/2021' '15:00:20' 
279.8900692462921 6.9 8.8 39.939220183486235 253.8054935515873 0.0 0.0 '14/09/2021' '15:00:23' 
282.8100929260254 6.8 8.7 -30.156536697247706 309.1812375992063 0.0 0.0 '14/09/2021' '15:00:26' 
285.80819177627563 6.8 8.8 -118.55103211009174 328.34976438492066 0.0 0.0 '14/09/2021' '15:00:29' 
288.8438923358917 6.8 8.7 -40.66685779816514 302.72073412698415 0.0 0.0 '14/09/2021' '15:00:32' 
291.7808129787445 6.8 8.7 -65.16399082568807 312.1630084325397 0.0 0.0 '14/09/2021' '15:00:35' 
294.82472944259644 6.8 8.7 37.352064220183486 134.96062748015873 0.0 0.0 '14/09/2021' '15:00:38' 
298.1905994415283 6.8 8.4 99.33600917431193 39.82793898809524 0.0 0.0 '14/09/2021' '15:00:41' 
