'time_elapsed' 'pm25 [ug]/m3' 'pm10 [ug]/m3' 'NO2  [ug/m3] ' 'CO  [ug/m3] ' '/' '/' 'data' 'ora' 
7.987022399902344e-05 5.0 12.1 -3.2069954128440363 227.1115451388889 0.0 0.0 '24/09/2021' '18:23:13' 
5.398694038391113 5.0 12.0 49.991399082568805 89.09815228174604 0.0 0.0 '24/09/2021' '18:23:19' 
8.72214937210083 4.9 11.5 47.24254587155963 227.0405505952381 0.0 0.0 '24/09/2021' '18:23:22' 
13.03232455253601 4.9 9.8 66.8079128440367 178.90625 0.0 0.0 '24/09/2021' '18:23:26' 
16.08916974067688 4.9 9.7 79.39334862385319 247.41598462301587 0.0 0.0 '24/09/2021' '18:23:30' 
19.560055017471313 4.9 9.4 -43.038417431192656 121.61365327380953 0.0 0.0 '24/09/2021' '18:23:33' 
23.12570285797119 4.8 9.3 -36.78612385321101 -247.62896825396825 0.0 0.0 '24/09/2021' '18:23:37' 
26.43857765197754 4.9 8.9 -18.999426605504585 232.4361359126984 0.0 0.0 '24/09/2021' '18:23:40' 
29.461485385894775 4.9 9.0 24.01204128440367 230.02232142857142 0.0 0.0 '24/09/2021' '18:23:43' 
32.617600202560425 4.9 9.1 -53.683486238532105 59.84840029761905 0.0 0.0 '24/09/2021' '18:23:46' 
36.120548725128174 4.9 9.1 31.20756880733944 198.9267113095238 0.0 0.0 '24/09/2021' '18:23:50' 
39.58477854728699 5.0 8.1 60.986811926605505 -363.1370907738095 0.0 0.0 '24/09/2021' '18:23:53' 
43.032920837402344 5.1 8.0 -21.85607798165137 -95.34567212301587 0.0 0.0 '24/09/2021' '18:23:56' 
46.0198814868927 5.1 6.4 -40.990252293577974 174.64657738095238 0.0 0.0 '24/09/2021' '18:23:59' 
48.98515224456787 5.1 6.4 38.32224770642201 266.0875496031746 0.0 0.0 '24/09/2021' '18:24:02' 
52.07988166809082 5.1 6.5 -66.34977064220183 232.8621031746032 0.0 0.0 '24/09/2021' '18:24:05' 
55.007792472839355 5.2 6.7 -39.58887614678899 187.14161706349205 0.0 0.0 '24/09/2021' '18:24:08' 
58.02940559387207 5.2 6.9 37.97190366972476 257.85218253968253 0.0 0.0 '24/09/2021' '18:24:11' 
61.093000173568726 5.2 6.5 29.86009174311926 -390.4699900793651 0.0 0.0 '24/09/2021' '18:24:15' 
64.50418734550476 5.2 6.9 -49.72190366972477 158.6728050595238 0.0 0.0 '24/09/2021' '18:24:18' 
67.52069067955017 5.3 7.7 1.4822247706422016 153.70318700396825 0.0 0.0 '24/09/2021' '18:24:21' 
70.58636736869812 5.4 7.8 25.19782110091743 233.7850322420635 0.0 0.0 '24/09/2021' '18:24:24' 
74.08825254440308 5.5 7.9 43.90080275229357 298.3900669642857 0.0 0.0 '24/09/2021' '18:24:27' 
77.16627478599548 5.4 7.5 40.61295871559633 214.19053819444446 0.0 0.0 '24/09/2021' '18:24:31' 
80.6055543422699 5.3 7.5 30.04873853211009 276.0977802579365 0.0 0.0 '24/09/2021' '18:24:34' 
84.044588804245 5.4 7.7 26.16800458715596 251.46267361111111 0.0 0.0 '24/09/2021' '18:24:37' 
87.02528834342957 5.3 7.4 -12.989678899082568 218.30822172619048 0.0 0.0 '24/09/2021' '18:24:40' 
89.98002552986145 5.3 7.0 48.428325688073386 157.96285962301587 0.0 0.0 '24/09/2021' '18:24:43' 
93.00674676895142 5.4 6.7 35.57339449541284 262.25384424603175 0.0 0.0 '24/09/2021' '18:24:46' 
96.0343816280365 5.4 7.2 -53.57568807339449 266.8684895833333 0.0 0.0 '24/09/2021' '18:24:49' 
99.1805727481842 5.4 7.0 47.97018348623853 242.44636656746033 0.0 0.0 '24/09/2021' '18:24:53' 
102.50220108032227 5.5 7.0 71.79357798165137 239.96155753968256 0.0 0.0 '24/09/2021' '18:24:56' 
105.49293947219849 5.5 7.1 28.458715596330272 229.1703869047619 0.0 0.0 '24/09/2021' '18:24:59' 
108.52069926261902 5.6 7.6 -40.26261467889908 272.97402033730157 0.0 0.0 '24/09/2021' '18:25:02' 
111.51126194000244 5.6 7.8 27.353784403669724 181.46205357142858 0.0 0.0 '24/09/2021' '18:25:05' 
114.49745225906372 5.6 7.8 2.964449541284403 60.2743675595238 0.0 0.0 '24/09/2021' '18:25:08' 
117.5688169002533 5.7 8.0 27.62327981651376 108.62165178571429 0.0 0.0 '24/09/2021' '18:25:11' 
120.51118063926697 5.6 7.8 -44.62844036697248 -96.69456845238095 0.0 0.0 '24/09/2021' '18:25:14' 
123.54357624053955 5.7 8.6 -58.911697247706414 -366.9707961309524 0.0 0.0 '24/09/2021' '18:25:17' 
126.50141406059265 5.7 8.6 15.145642201834857 -334.02932787698415 0.0 0.0 '24/09/2021' '18:25:20' 
129.5193793773651 5.7 9.0 39.64277522935779 217.31429811507937 0.0 0.0 '24/09/2021' '18:25:23' 
132.62642645835876 5.6 8.9 43.71215596330274 206.52312748015873 0.0 0.0 '24/09/2021' '18:25:26' 
136.10758662223816 5.5 8.6 -25.413417431192656 162.57750496031744 0.0 0.0 '24/09/2021' '18:25:30' 
139.59736156463623 5.5 8.8 27.003440366972473 90.5890376984127 0.0 0.0 '24/09/2021' '18:25:33' 
143.10214400291443 5.5 10.0 27.62327981651376 186.7156498015873 0.0 0.0 '24/09/2021' '18:25:37' 
146.59017872810364 5.6 10.0 41.933486238532105 222.07093253968256 0.0 0.0 '24/09/2021' '18:25:40' 
150.07617688179016 5.5 9.8 12.20814220183486 263.17677331349205 0.0 0.0 '24/09/2021' '18:25:43' 
153.10078310966492 5.5 9.9 1.7247706422018325 52.03900049603175 0.0 0.0 '24/09/2021' '18:25:46' 
156.0975935459137 5.5 10.0 19.53841743119266 -176.6344246031746 0.0 0.0 '24/09/2021' '18:25:49' 
159.09090662002563 5.4 9.8 9.99827981651376 11.85608878968254 0.0 0.0 '24/09/2021' '18:25:52' 
162.13492488861084 5.4 9.1 -56.971330275229356 -450.8863467261904 0.0 0.0 '24/09/2021' '18:25:56' 
165.59090971946716 5.4 10.0 -51.17717889908256 195.02201140873015 0.0 0.0 '24/09/2021' '18:25:59' 
169.1341631412506 5.4 10.2 -14.364105504587155 288.663814484127 0.0 0.0 '24/09/2021' '18:26:03' 
172.5991940498352 5.5 10.3 5.686353211009174 201.69549851190476 0.0 0.0 '24/09/2021' '18:26:06' 
176.1410093307495 5.5 10.1 -58.18405963302752 273.9679439484127 0.0 0.0 '24/09/2021' '18:26:10' 
179.59552764892578 5.4 9.9 86.40022935779814 241.16846478174602 0.0 0.0 '24/09/2021' '18:26:13' 
183.10003113746643 5.4 10.3 -1.2935779816513755 -473.1786334325397 0.0 0.0 '24/09/2021' '18:26:17' 
186.57643866539001 5.4 11.9 24.793577981651374 221.5029761904762 0.0 0.0 '24/09/2021' '18:26:20' 
189.63054752349854 5.4 12.0 44.0894495412844 252.7405753968254 0.0 0.0 '24/09/2021' '18:26:23' 
193.1468324661255 5.3 11.8 -27.731077981651374 196.58389136904762 0.0 0.0 '24/09/2021' '18:26:27' 
196.58154487609863 5.2 11.7 32.25860091743119 -315.7837301587302 0.0 0.0 '24/09/2021' '18:26:30' 
199.60003995895386 5.3 12.1 -32.069954128440365 18.67156498015873 0.0 0.0 '24/09/2021' '18:26:33' 
203.1809365749359 5.2 12.0 -59.26204128440367 234.63696676587304 0.0 0.0 '24/09/2021' '18:26:37' 
206.57786917686462 5.2 11.6 18.163990825688074 153.56119791666669 0.0 0.0 '24/09/2021' '18:26:40' 
210.1226441860199 5.2 11.3 38.32224770642201 -405.4498387896826 0.0 0.0 '24/09/2021' '18:26:44' 
213.57592344284058 5.2 11.2 -1.7517201834862384 -322.31522817460313 0.0 0.0 '24/09/2021' '18:26:47' 
216.57871007919312 5.1 11.1 7.545871559633026 133.32775297619048 0.0 0.0 '24/09/2021' '18:26:50' 
220.13266229629517 5.1 11.5 13.690366972477058 82.99262152777777 0.0 0.0 '24/09/2021' '18:26:54' 
223.6462037563324 5.1 11.0 54.27637614678898 260.6209697420635 0.0 0.0 '24/09/2021' '18:26:57' 
227.17723083496094 5.2 11.0 39.319380733944946 107.4857390873016 0.0 0.0 '24/09/2021' '18:27:01' 
230.60256242752075 5.1 11.3 -3.3956422018348627 287.7408854166667 0.0 0.0 '24/09/2021' '18:27:04' 
234.12913274765015 5.1 11.3 -5.470756880733946 323.52213541666663 0.0 0.0 '24/09/2021' '18:27:08' 
237.59575176239014 5.2 11.6 69.44896788990825 316.49367559523813 0.0 0.0 '24/09/2021' '18:27:12' 
241.58799242973328 5.2 12.4 12.073394495412844 329.7696552579365 0.0 0.0 '24/09/2021' '18:27:15' 
245.28384065628052 5.1 11.1 -68.37098623853211 303.64366319444446 0.0 0.0 '24/09/2021' '18:27:19' 
249.13361120224 5.2 11.3 -14.471903669724771 229.02839781746033 0.0 0.0 '24/09/2021' '18:27:23' 
252.64676690101624 5.2 11.3 -52.928899082568805 318.7655009920635 0.0 0.0 '24/09/2021' '18:27:26' 
256.160519361496 5.1 11.0 -25.143922018348622 300.44890873015873 0.0 0.0 '24/09/2021' '18:27:30' 
260.1224148273468 5.1 11.3 29.267201834862384 303.2176959325397 0.0 0.0 '24/09/2021' '18:27:34' 
263.5961570739746 5.1 11.7 30.66857798165137 145.3968253968254 0.0 0.0 '24/09/2021' '18:27:37' 
267.1259183883667 5.2 12.4 19.53841743119266 -129.49404761904762 0.0 0.0 '24/09/2021' '18:27:41' 
270.62769532203674 5.1 11.3 -25.251720183486235 265.87456597222223 0.0 0.0 '24/09/2021' '18:27:44' 
274.0982196331024 5.1 11.2 49.07511467889907 177.8413318452381 0.0 0.0 '24/09/2021' '18:27:47' 
277.1500132083893 5.0 11.5 35.81594036697247 283.48121279761904 0.0 0.0 '24/09/2021' '18:27:51' 
280.5793647766113 5.1 11.5 -7.060779816513762 36.34920634920635 0.0 0.0 '24/09/2021' '18:27:54' 
283.6219890117645 5.2 11.6 2.371559633027522 -314.0798611111111 0.0 0.0 '24/09/2021' '18:27:57' 
287.09430837631226 5.1 11.5 32.366399082568805 224.9817088293651 0.0 0.0 '24/09/2021' '18:28:00' 
290.0974817276001 5.1 9.9 63.92431192660549 119.12884424603175 0.0 0.0 '24/09/2021' '18:28:03' 
293.0935604572296 5.2 10.7 41.69094036697248 210.1438492063492 0.0 0.0 '24/09/2021' '18:28:07' 
296.68546295166016 5.2 10.4 70.76949541284402 -108.62165178571429 0.0 0.0 '24/09/2021' '18:28:10' 
300.15170216560364 5.2 11.0 3.772935779816513 211.49274553571428 0.0 0.0 '24/09/2021' '18:28:14' 
304.1857862472534 5.2 10.7 24.955275229357795 228.31845238095238 0.0 0.0 '24/09/2021' '18:28:18' 
307.7006642818451 5.2 10.9 -43.766055045871546 108.97662450396825 0.0 0.0 '24/09/2021' '18:28:21' 
311.1930134296417 5.2 10.8 42.44552752293578 271.83810763888886 0.0 0.0 '24/09/2021' '18:28:25' 
314.6127858161926 5.2 10.9 28.162270642201836 278.22761656746036 0.0 0.0 '24/09/2021' '18:28:28' 
318.1410620212555 5.2 10.5 -29.321100917431192 -27.261904761904763 0.0 0.0 '24/09/2021' '18:28:32' 
321.6509053707123 5.3 11.4 -24.281536697247702 -140.8531746031746 0.0 0.0 '24/09/2021' '18:28:35' 
325.1798105239868 5.4 11.0 28.29701834862385 256.29030257936506 0.0 0.0 '24/09/2021' '18:28:39' 
328.6397786140442 5.4 10.8 29.213302752293572 107.2727554563492 0.0 0.0 '24/09/2021' '18:28:42' 
332.22357630729675 5.4 10.8 12.477637614678898 -324.445064484127 0.0 0.0 '24/09/2021' '18:28:46' 
335.841677904129 5.6 10.1 43.90080275229357 262.9637896825397 0.0 0.0 '24/09/2021' '18:28:49' 
339.142706155777 5.6 10.2 -92.70642201834862 284.90110367063494 0.0 0.0 '24/09/2021' '18:28:53' 
342.6457555294037 5.5 10.0 65.13704128440367 334.1003224206349 0.0 0.0 '24/09/2021' '18:28:56' 
346.2062575817108 5.5 8.9 54.06077981651376 303.9276413690476 0.0 0.0 '24/09/2021' '18:29:00' 
349.586918592453 5.6 8.9 42.715022935779814 228.67342509920636 0.0 0.0 '24/09/2021' '18:29:03' 
352.69121289253235 5.5 8.7 41.98738532110091 285.6820436507937 0.0 0.0 '24/09/2021' '18:29:06' 
356.14166498184204 5.6 8.7 50.799885321100916 231.5132068452381 0.0 0.0 '24/09/2021' '18:29:10' 
359.76972460746765 5.8 9.4 75.10837155963303 279.363529265873 0.0 0.0 '24/09/2021' '18:29:13' 
363.2013192176819 5.8 9.8 46.67660550458715 220.86402529761907 0.0 0.0 '24/09/2021' '18:29:17' 
367.22247529029846 5.8 9.4 -79.28555045871558 -448.68551587301585 0.0 0.0 '24/09/2021' '18:29:21' 
370.57879543304443 5.8 8.9 -1.6708715596330281 201.41152033730157 0.0 0.0 '24/09/2021' '18:29:24' 
374.0769898891449 5.9 9.9 -55.354357798165125 142.13107638888889 0.0 0.0 '24/09/2021' '18:29:27' 
377.07666659355164 5.9 10.1 43.658256880733944 228.46044146825398 0.0 0.0 '24/09/2021' '18:29:30' 
380.14613914489746 5.9 10.9 31.20756880733944 -25.06107390873016 0.0 0.0 '24/09/2021' '18:29:34' 
383.6570038795471 6.0 10.9 40.208715596330265 -182.66896081349208 0.0 0.0 '24/09/2021' '18:29:37' 
387.20126700401306 6.0 10.8 26.32970183486238 214.47451636904762 0.0 0.0 '24/09/2021' '18:29:41' 
390.6543231010437 6.0 10.6 33.767775229357795 121.32967509920636 0.0 0.0 '24/09/2021' '18:29:44' 
394.1434438228607 6.0 10.8 30.641628440366965 244.22123015873015 0.0 0.0 '24/09/2021' '18:29:48' 
397.7140643596649 6.0 10.6 -20.42775229357798 256.0773189484127 0.0 0.0 '24/09/2021' '18:29:51' 
401.0975880622864 5.9 10.5 -59.558486238532105 234.7079613095238 0.0 0.0 '24/09/2021' '18:29:55' 
405.21641206741333 6.0 10.0 -55.65080275229358 243.6532738095238 0.0 0.0 '24/09/2021' '18:29:59' 
408.5649092197418 6.1 10.1 50.28784403669724 243.29830109126985 0.0 0.0 '24/09/2021' '18:30:02' 
411.50894260406494 6.1 10.0 -32.069954128440365 212.77064732142858 0.0 0.0 '24/09/2021' '18:30:05' 
414.5746715068817 6.1 10.1 -27.70412844036697 251.6756572420635 0.0 0.0 '24/09/2021' '18:30:08' 
417.7482645511627 6.2 11.3 87.93635321100918 253.16654265873015 0.0 0.0 '24/09/2021' '18:30:11' 
421.18789625167847 6.2 11.3 24.470183486238525 267.4364459325397 0.0 0.0 '24/09/2021' '18:30:15' 
424.5278332233429 6.2 10.7 44.73623853211009 191.1883060515873 0.0 0.0 '24/09/2021' '18:30:18' 
427.69230699539185 6.3 10.9 39.346330275229356 256.64527529761904 0.0 0.0 '24/09/2021' '18:30:21' 
431.19159269332886 6.3 10.9 -75.51261467889907 30.31467013888889 0.0 0.0 '24/09/2021' '18:30:25' 
435.1267578601837 6.2 11.3 -56.64793577981651 -215.39744543650792 0.0 0.0 '24/09/2021' '18:30:28' 
438.11704897880554 6.2 11.3 45.356077981651374 -368.31969246031747 0.0 0.0 '24/09/2021' '18:30:31' 
441.1603662967682 6.2 11.2 77.45298165137613 215.96540178571428 0.0 0.0 '24/09/2021' '18:30:35' 
444.7058503627777 6.3 11.4 67.21215596330275 229.2413814484127 0.0 0.0 '24/09/2021' '18:30:38' 
448.1404621601105 6.3 11.4 82.57339449541284 241.8074156746032 0.0 0.0 '24/09/2021' '18:30:42' 
451.616641998291 6.3 12.6 -49.2368119266055 254.1604662698413 0.0 0.0 '24/09/2021' '18:30:45' 
455.18290996551514 6.3 12.6 -58.803899082568805 296.0472470238095 0.0 0.0 '24/09/2021' '18:30:49' 
458.63446521759033 6.3 12.7 -36.112385321100916 312.5179811507937 0.0 0.0 '24/09/2021' '18:30:52' 
462.1865601539612 6.2 12.1 16.843463302752294 28.326822916666664 0.0 0.0 '24/09/2021' '18:30:56' 
465.60040259361267 6.1 11.2 48.401376146788984 272.6900421626984 0.0 0.0 '24/09/2021' '18:30:59' 
468.619421005249 6.1 11.2 59.82798165137615 111.53242807539682 0.0 0.0 '24/09/2021' '18:31:02' 
472.2205591201782 6.1 11.6 43.73910550458715 172.2327628968254 0.0 0.0 '24/09/2021' '18:31:06' 
475.5923762321472 6.0 10.9 0.7276376146788999 167.19215029761907 0.0 0.0 '24/09/2021' '18:31:09' 
478.65903639793396 6.0 10.6 2.964449541284403 183.2369171626984 0.0 0.0 '24/09/2021' '18:31:12' 
482.2280583381653 6.0 9.5 55.8933486238532 262.32483878968253 0.0 0.0 '24/09/2021' '18:31:16' 
485.6106255054474 6.0 9.4 26.97649082568807 246.91902281746033 0.0 0.0 '24/09/2021' '18:31:19' 
489.1959297657013 6.0 9.5 35.19610091743119 -187.9225570436508 0.0 0.0 '24/09/2021' '18:31:23' 
492.6960790157318 5.9 9.4 -74.94667431192661 242.5883556547619 0.0 0.0 '24/09/2021' '18:31:26' 
496.170512676239 5.9 9.1 38.45699541284403 -126.2992931547619 0.0 0.0 '24/09/2021' '18:31:30' 
499.64848160743713 6.0 8.7 14.93004587155963 -101.38020833333334 0.0 0.0 '24/09/2021' '18:31:33' 
503.1675109863281 6.0 8.7 48.80561926605505 24.990079365079367 0.0 0.0 '24/09/2021' '18:31:37' 
506.6182644367218 5.9 8.7 44.870986238532105 252.7405753968254 0.0 0.0 '24/09/2021' '18:31:40' 
510.13715744018555 5.8 8.7 34.064220183486235 72.41443452380953 0.0 0.0 '24/09/2021' '18:31:44' 
513.6111440658569 5.7 8.6 -22.63761467889908 175.6405009920635 0.0 0.0 '24/09/2021' '18:31:47' 
517.1552045345306 5.7 8.9 -24.497133027522935 244.00824652777777 0.0 0.0 '24/09/2021' '18:31:51' 
520.6831090450287 5.7 7.6 36.974770642201825 111.10646081349206 0.0 0.0 '24/09/2021' '18:31:54' 
524.171231508255 5.7 7.7 50.0183486238532 226.61458333333331 0.0 0.0 '24/09/2021' '18:31:58' 
528.1640403270721 5.6 7.3 64.97534403669724 109.82855902777777 0.0 0.0 '24/09/2021' '18:32:02' 
531.6597833633423 5.6 7.1 -55.1657110091743 105.71087549603175 0.0 0.0 '24/09/2021' '18:32:05' 
535.1612131595612 5.6 7.0 0.37729357798164903 226.11762152777777 0.0 0.0 '24/09/2021' '18:32:09' 
538.6708407402039 5.5 6.6 -1.590022935779818 200.2046130952381 0.0 0.0 '24/09/2021' '18:32:12' 
542.2110328674316 5.6 7.0 20.077408256880734 213.6225818452381 0.0 0.0 '24/09/2021' '18:32:16' 
545.6132462024689 5.6 6.9 -41.36754587155963 283.0552455357143 0.0 0.0 '24/09/2021' '18:32:19' 
549.1986217498779 5.6 7.1 60.98681192660549 173.65265376984127 0.0 0.0 '24/09/2021' '18:32:23' 
552.6595816612244 5.6 7.3 -29.644495412844034 138.65234375 0.0 0.0 '24/09/2021' '18:32:26' 
556.1425592899323 5.6 6.5 31.45011467889908 238.47067212301587 0.0 0.0 '24/09/2021' '18:32:30' 
559.6532452106476 5.7 7.4 5.066513761467885 -271.5541294642857 0.0 0.0 '24/09/2021' '18:32:33' 
563.1736304759979 5.7 7.3 45.70642201834862 145.3968253968254 0.0 0.0 '24/09/2021' '18:32:37' 
566.6520600318909 5.7 7.6 -28.997706422018346 145.75179811507937 0.0 0.0 '24/09/2021' '18:32:40' 
570.1167545318604 5.7 8.3 -58.93864678899082 -27.687872023809526 0.0 0.0 '24/09/2021' '18:32:43' 
573.110271692276 5.8 8.3 57.402522935779814 -16.470734126984127 0.0 0.0 '24/09/2021' '18:32:46' 
576.1410117149353 5.8 7.6 67.53555045871559 163.00347222222223 0.0 0.0 '24/09/2021' '18:32:50' 
579.6705145835876 5.8 7.7 15.927178899082564 229.38337053571428 0.0 0.0 '24/09/2021' '18:32:53' 
583.157949924469 5.9 7.8 -19.1072247706422 264.8806423611111 0.0 0.0 '24/09/2021' '18:32:57' 
586.6378390789032 6.0 7.8 -61.57970183486239 259.4850570436508 0.0 0.0 '24/09/2021' '18:33:00' 
590.1678321361542 6.0 7.8 -44.62844036697248 250.18477182539684 0.0 0.0 '24/09/2021' '18:33:04' 
593.7280476093292 6.0 8.0 30.129587155963293 260.4789806547619 0.0 0.0 '24/09/2021' '18:33:07' 
597.17524933815 6.1 8.2 53.81823394495412 -65.52796378968254 0.0 0.0 '24/09/2021' '18:33:11' 
600.648512840271 6.1 8.8 -86.18463302752292 221.21899801587304 0.0 0.0 '24/09/2021' '18:33:14' 
604.1715807914734 6.0 9.2 -24.955275229357795 203.6123511904762 0.0 0.0 '24/09/2021' '18:33:18' 
607.6451029777527 6.0 10.4 -62.79243119266055 212.84164186507937 0.0 0.0 '24/09/2021' '18:33:21' 
611.2069790363312 6.2 10.7 84.75630733944953 148.5915798611111 0.0 0.0 '24/09/2021' '18:33:25' 
614.6955962181091 6.2 11.6 -45.356077981651374 194.5960441468254 0.0 0.0 '24/09/2021' '18:33:28' 
618.1655423641205 6.3 11.7 -83.54357798165137 68.2257564484127 0.0 0.0 '24/09/2021' '18:33:32' 
621.6343123912811 6.3 11.5 28.054472477064216 17.109685019841272 0.0 0.0 '24/09/2021' '18:33:35' 
625.157880783081 6.3 11.4 21.586582568807337 150.57942708333331 0.0 0.0 '24/09/2021' '18:33:39' 
628.7446963787079 6.2 11.4 19.592316513761464 224.27176339285717 0.0 0.0 '24/09/2021' '18:33:42' 
632.146621465683 6.3 11.5 23.985091743119266 3.7627108134920633 0.0 0.0 '24/09/2021' '18:33:46' 
635.5558190345764 6.4 12.5 50.584288990825684 223.9167906746032 0.0 0.0 '24/09/2021' '18:33:49' 
638.5554919242859 6.3 12.7 -4.338876146788991 215.6814236111111 0.0 0.0 '24/09/2021' '18:33:52' 
641.604739189148 6.4 12.7 16.681766055045866 5.111607142857143 0.0 0.0 '24/09/2021' '18:33:55' 
644.5627212524414 6.4 12.4 -35.654243119266056 190.1233878968254 0.0 0.0 '24/09/2021' '18:33:58' 
647.6192343235016 6.5 12.6 -59.58543577981651 159.45374503968256 0.0 0.0 '24/09/2021' '18:34:01' 
651.0874252319336 6.6 13.6 44.52064220183486 249.90079365079364 0.0 0.0 '24/09/2021' '18:34:04' 
654.0917129516602 6.7 13.5 59.72018348623853 -122.32359871031747 0.0 0.0 '24/09/2021' '18:34:07' 
657.1089684963226 6.7 14.6 58.66915137614678 -111.88740079365078 0.0 0.0 '24/09/2021' '18:34:10' 
660.0957870483398 6.5 14.1 -41.66399082568807 -41.3898189484127 0.0 0.0 '24/09/2021' '18:34:13' 
663.1134750843048 6.7 14.2 41.36754587155963 -161.72557043650792 0.0 0.0 '24/09/2021' '18:34:16' 
666.0867373943329 6.7 13.9 16.061926605504585 235.63089037698413 0.0 0.0 '24/09/2021' '18:34:19' 
669.121280670166 6.6 13.2 29.375 191.96924603174602 0.0 0.0 '24/09/2021' '18:34:22' 
672.1505074501038 6.7 13.2 47.40424311926605 88.45920138888889 0.0 0.0 '24/09/2021' '18:34:26' 
675.5633246898651 6.6 13.9 -34.360665137614674 226.82756696428572 0.0 0.0 '24/09/2021' '18:34:29' 
678.5803430080414 6.5 14.5 46.35321100917431 -123.31752232142858 0.0 0.0 '24/09/2021' '18:34:32' 
682.1211230754852 6.5 15.2 13.528669724770639 154.55512152777777 0.0 0.0 '24/09/2021' '18:34:36' 
686.125382900238 6.4 15.3 -43.658256880733944 -78.37797619047619 0.0 0.0 '24/09/2021' '18:34:39' 
689.0550203323364 6.4 15.3 -56.917431192660544 -18.67156498015873 0.0 0.0 '24/09/2021' '18:34:42' 
692.1041529178619 6.4 15.1 69.34116972477064 -100.31529017857143 0.0 0.0 '24/09/2021' '18:34:45' 
695.1184234619141 6.4 15.0 2.2098623853211015 -75.39620535714286 0.0 0.0 '24/09/2021' '18:34:48' 
698.0894248485565 6.4 14.4 47.0269495412844 236.76680307539684 0.0 0.0 '24/09/2021' '18:34:51' 
701.141325712204 6.4 14.0 -77.85722477064219 235.63089037698413 0.0 0.0 '24/09/2021' '18:34:55' 
704.5581526756287 6.4 12.9 51.25802752293578 248.83587549603175 0.0 0.0 '24/09/2021' '18:34:58' 
707.6089563369751 6.3 12.5 29.536697247706417 190.1233878968254 0.0 0.0 '24/09/2021' '18:35:01' 
710.5579409599304 6.3 11.6 41.63704128440367 -34.503348214285715 0.0 0.0 '24/09/2021' '18:35:04' 
713.5563111305237 6.4 11.7 -18.029243119266056 229.1703869047619 0.0 0.0 '24/09/2021' '18:35:07' 
716.6050026416779 6.4 11.7 42.36467889908256 199.210689484127 0.0 0.0 '24/09/2021' '18:35:10' 
719.5784285068512 6.4 12.3 -4.015481651376146 66.30890376984127 0.0 0.0 '24/09/2021' '18:35:13' 
722.5825471878052 6.5 13.1 53.30619266055045 258.5621279761905 0.0 0.0 '24/09/2021' '18:35:16' 
725.5806393623352 6.6 13.4 45.922018348623844 306.76742311507934 0.0 0.0 '24/09/2021' '18:35:19' 
728.6303505897522 6.5 12.8 -39.91227064220183 307.6903521825397 0.0 0.0 '24/09/2021' '18:35:22' 
732.1037282943726 6.5 12.8 -48.913417431192656 481.98195684523813 0.0 0.0 '24/09/2021' '18:35:25' 
735.0730304718018 6.5 13.8 71.20068807339449 502.49937996031747 0.0 0.0 '24/09/2021' '18:35:28' 
738.0772488117218 6.5 13.6 52.06651376146788 465.7242063492064 0.0 0.0 '24/09/2021' '18:35:31' 
741.0891890525818 6.5 13.7 53.87213302752293 410.5614459325397 0.0 0.0 '24/09/2021' '18:35:34' 
744.097784280777 6.4 12.9 -22.341169724770644 395.9365699404762 0.0 0.0 '24/09/2021' '18:35:38' 
747.6008689403534 6.4 13.0 41.2058486238532 267.86241319444446 0.0 0.0 '24/09/2021' '18:35:41' 
750.5688471794128 6.4 11.4 24.17373853211009 215.04247271825398 0.0 0.0 '24/09/2021' '18:35:44' 
753.5747854709625 6.5 11.5 16.1697247706422 -10.791170634920634 0.0 0.0 '24/09/2021' '18:35:47' 
756.53147149086 6.5 12.3 0.2964449541284388 17.109685019841272 0.0 0.0 '24/09/2021' '18:35:50' 
759.5870130062103 6.5 12.9 59.262041284403665 -164.13938492063494 0.0 0.0 '24/09/2021' '18:35:53' 
762.8202311992645 6.6 13.2 31.962155963302745 -139.50427827380952 0.0 0.0 '24/09/2021' '18:35:56' 
766.1969666481018 6.6 13.2 38.295298165137616 242.09139384920636 0.0 0.0 '24/09/2021' '18:36:00' 
769.5719633102417 6.7 12.9 -75.64736238532109 252.7405753968254 0.0 0.0 '24/09/2021' '18:36:03' 
772.6391086578369 6.7 12.1 23.985091743119266 333.4613715277778 0.0 0.0 '24/09/2021' '18:36:06' 
776.1419603824615 6.8 11.5 68.99082568807339 304.85057043650795 0.0 0.0 '24/09/2021' '18:36:10' 
779.5446393489838 6.8 11.5 -33.8216743119266 192.04024057539684 0.0 0.0 '24/09/2021' '18:36:13' 
782.5710117816925 6.8 11.6 -22.934059633027523 261.40190972222223 0.0 0.0 '24/09/2021' '18:36:16' 
785.6294622421265 6.8 11.9 57.752866972477065 256.4322916666667 0.0 0.0 '24/09/2021' '18:36:19' 
789.1262743473053 6.9 11.9 43.36181192660549 273.6839657738095 0.0 0.0 '24/09/2021' '18:36:23' 
793.1191117763519 7.0 12.1 24.470183486238525 216.67534722222223 0.0 0.0 '24/09/2021' '18:36:26' 
796.1053779125214 7.1 12.4 -4.689220183486239 214.40352182539684 0.0 0.0 '24/09/2021' '18:36:29' 
799.1368691921234 7.1 12.4 40.12786697247706 248.1259300595238 0.0 0.0 '24/09/2021' '18:36:33' 
802.564035654068 7.1 12.7 64.13990825688073 245.28614831349205 0.0 0.0 '24/09/2021' '18:36:36' 
805.5814652442932 7.2 12.9 36.48967889908256 245.78311011904762 0.0 0.0 '24/09/2021' '18:36:39' 
808.5847632884979 7.2 12.9 46.245412844036686 117.85094246031747 0.0 0.0 '24/09/2021' '18:36:42' 
812.1389820575714 7.2 13.9 60.74426605504586 230.3772941468254 0.0 0.0 '24/09/2021' '18:36:46' 
815.536717414856 7.2 13.4 -45.221330275229356 195.16400049603175 0.0 0.0 '24/09/2021' '18:36:49' 
818.6397244930267 7.2 12.6 -72.97935779816513 256.2193080357143 0.0 0.0 '24/09/2021' '18:36:52' 
822.1419916152954 7.2 13.8 52.65940366972476 186.36067708333331 0.0 0.0 '24/09/2021' '18:36:56' 
826.0584688186646 7.4 13.6 22.206422018348615 210.1438492063492 0.0 0.0 '24/09/2021' '18:36:59' 
829.0754837989807 7.4 13.8 56.97133027522935 259.4140625 0.0 0.0 '24/09/2021' '18:37:02' 
832.1400837898254 7.4 12.9 -28.6473623853211 -242.44636656746033 0.0 0.0 '24/09/2021' '18:37:06' 
835.5808455944061 7.4 13.0 67.93979357798163 189.12946428571428 0.0 0.0 '24/09/2021' '18:37:09' 
838.571295261383 7.4 14.8 -22.287270642201836 183.02393353174602 0.0 0.0 '24/09/2021' '18:37:12' 
841.6279213428497 7.5 14.5 15.010894495412842 238.04470486111111 0.0 0.0 '24/09/2021' '18:37:15' 
845.167809009552 7.5 15.0 31.423165137614674 95.27467757936508 0.0 0.0 '24/09/2021' '18:37:19' 
848.6229543685913 7.5 16.6 -45.89506880733945 40.39589533730159 0.0 0.0 '24/09/2021' '18:37:22' 
852.111245393753 7.6 16.4 37.190366972477065 243.937251984127 0.0 0.0 '24/09/2021' '18:37:25' 
855.0654311180115 7.6 16.3 -32.3125 230.7322668650794 0.0 0.0 '24/09/2021' '18:37:28' 
858.0494949817657 7.5 15.7 24.524082568807337 227.46651785714286 0.0 0.0 '24/09/2021' '18:37:31' 
861.1036207675934 7.6 15.5 31.665711009174313 188.8454861111111 0.0 0.0 '24/09/2021' '18:37:34' 
864.0500712394714 7.6 15.6 -10.186926605504587 281.4933655753968 0.0 0.0 '24/09/2021' '18:37:37' 
867.0969250202179 7.6 15.7 16.46616972477064 260.4079861111111 0.0 0.0 '24/09/2021' '18:37:41' 
871.1039724349976 7.6 15.6 -13.555619266055045 182.66896081349208 0.0 0.0 '24/09/2021' '18:37:44' 
874.1401875019073 7.6 16.2 46.43405963302752 258.34914434523813 0.0 0.0 '24/09/2021' '18:37:48' 
877.6185069084167 7.9 16.9 75.18922018348623 193.81510416666669 0.0 0.0 '24/09/2021' '18:37:51' 
881.1594924926758 7.9 16.8 0.10779816513761237 226.82756696428572 0.0 0.0 '24/09/2021' '18:37:55' 
885.1457550525665 7.9 16.6 53.41399082568807 246.77703373015873 0.0 0.0 '24/09/2021' '18:37:59' 
889.1378920078278 7.9 17.4 34.5762614678899 170.88386656746033 0.0 0.0 '24/09/2021' '18:38:03' 
893.1277236938477 7.9 17.3 -58.34575688073394 152.35429067460316 0.0 0.0 '24/09/2021' '18:38:07' 
896.6453824043274 7.9 17.0 -32.28555045871559 163.99739583333331 0.0 0.0 '24/09/2021' '18:38:10' 
900.1727666854858 8.0 17.1 -8.381307339449544 191.75626240079364 0.0 0.0 '24/09/2021' '18:38:14' 
903.8889722824097 8.1 17.0 62.280389908256865 161.58358134920636 0.0 0.0 '24/09/2021' '18:38:17' 
907.1964783668518 8.1 17.8 56.16284403669724 106.84678819444446 0.0 0.0 '24/09/2021' '18:38:21' 
910.6613690853119 8.0 17.7 -71.73967889908256 92.57688492063492 0.0 0.0 '24/09/2021' '18:38:24' 
914.135101556778 8.0 16.8 12.77408256880734 193.6731150793651 0.0 0.0 '24/09/2021' '18:38:28' 
917.6554710865021 8.1 17.1 -17.005160550458715 147.31367807539684 0.0 0.0 '24/09/2021' '18:38:31' 
921.1785554885864 8.2 17.1 51.17717889908256 182.45597718253967 0.0 0.0 '24/09/2021' '18:38:35' 
924.6507182121277 8.1 16.5 -66.1341743119266 228.74441964285717 0.0 0.0 '24/09/2021' '18:38:38' 
928.1779608726501 8.0 17.4 46.13761467889908 173.4396701388889 0.0 0.0 '24/09/2021' '18:38:42' 
931.6229445934296 8.0 17.1 -35.86983944954128 143.90593998015873 0.0 0.0 '24/09/2021' '18:38:45' 
935.1478145122528 8.0 16.9 -60.36697247706421 159.45374503968256 0.0 0.0 '24/09/2021' '18:38:48' 
938.1037218570709 7.9 16.9 50.422591743119256 179.33221726190476 0.0 0.0 '24/09/2021' '18:38:51' 
941.1170489788055 7.9 16.0 22.39506880733945 192.89217509920636 0.0 0.0 '24/09/2021' '18:38:54' 
944.1671180725098 7.8 15.8 -62.60378440366972 134.1086929563492 0.0 0.0 '24/09/2021' '18:38:58' 
947.7271494865417 7.8 15.5 41.178899082568805 192.04024057539684 0.0 0.0 '24/09/2021' '18:39:01' 
951.1922054290771 7.8 14.1 41.74483944954128 133.82471478174602 0.0 0.0 '24/09/2021' '18:39:05' 
954.6266434192657 7.8 14.4 -26.194954128440365 214.5455109126984 0.0 0.0 '24/09/2021' '18:39:08' 
958.2181861400604 7.8 14.3 57.10607798165137 65.38597470238095 0.0 0.0 '24/09/2021' '18:39:12' 
961.6546614170074 7.7 14.2 42.84977064220183 23.783172123015873 0.0 0.0 '24/09/2021' '18:39:15' 
965.1260201931 7.8 14.6 -59.235091743119256 -6.389508928571429 0.0 0.0 '24/09/2021' '18:39:18' 
968.1953864097595 7.7 14.5 37.81020642201834 -318.9074900793651 0.0 0.0 '24/09/2021' '18:39:22' 
971.6555235385895 7.6 14.7 43.28096330275228 155.69103422619048 0.0 0.0 '24/09/2021' '18:39:25' 
975.1411490440369 7.6 15.1 45.463876146788984 103.86501736111111 0.0 0.0 '24/09/2021' '18:39:28' 
978.1744205951691 7.5 14.6 11.93864678899082 -261.89887152777777 0.0 0.0 '24/09/2021' '18:39:32' 
981.6146612167358 7.3 14.8 40.397362385321095 171.3098338293651 0.0 0.0 '24/09/2021' '18:39:35' 
985.1680223941803 7.2 14.9 5.120412844036697 209.71788194444446 0.0 0.0 '24/09/2021' '18:39:39' 
989.155149936676 7.2 14.8 17.27465596330275 196.3709077380952 0.0 0.0 '24/09/2021' '18:39:43' 
993.1489346027374 7.1 13.8 77.1834862385321 106.49181547619048 0.0 0.0 '24/09/2021' '18:39:47' 
996.6836926937103 7.1 14.1 52.605504587155956 140.64019097222223 0.0 0.0 '24/09/2021' '18:39:50' 
1000.1871435642242 7.0 13.8 6.252293577981647 -136.80648561507937 0.0 0.0 '24/09/2021' '18:39:54' 
1003.6441349983215 6.9 13.8 -4.77006880733945 200.77256944444446 0.0 0.0 '24/09/2021' '18:39:57' 
1007.1753695011139 6.8 13.6 19.134174311926603 26.62295386904762 0.0 0.0 '24/09/2021' '18:40:01' 
1010.6302995681763 6.7 14.4 59.39678899082568 245.49913194444446 0.0 0.0 '24/09/2021' '18:40:04' 
1014.2055187225342 6.7 14.3 13.58256880733945 285.75303819444446 0.0 0.0 '24/09/2021' '18:40:08' 
1017.7959129810333 6.6 15.3 48.07798165137614 248.409908234127 0.0 0.0 '24/09/2021' '18:40:11' 
1021.1389520168304 6.5 15.1 44.8440366972477 229.59635416666669 0.0 0.0 '24/09/2021' '18:40:15' 
1024.6300463676453 6.5 15.2 29.779243119266052 256.57428075396825 0.0 0.0 '24/09/2021' '18:40:18' 
1028.1915292739868 6.4 14.4 -11.45355504587156 243.15631200396825 0.0 0.0 '24/09/2021' '18:40:22' 
1031.660053730011 6.4 13.3 -66.70011467889908 120.40674603174602 0.0 0.0 '24/09/2021' '18:40:25' 
1035.1511180400848 6.5 13.3 -34.14506880733945 232.8621031746032 0.0 0.0 '24/09/2021' '18:40:29' 
1038.6607022285461 6.4 13.3 39.26548165137614 -191.61427331349205 0.0 0.0 '24/09/2021' '18:40:32' 
1042.258264541626 6.4 13.8 19.915711009174306 121.8976314484127 0.0 0.0 '24/09/2021' '18:40:36' 
1045.6298515796661 6.4 13.0 -37.10951834862385 165.3462921626984 0.0 0.0 '24/09/2021' '18:40:39' 
1049.194574356079 6.3 13.0 -116.47591743119264 231.5842013888889 0.0 0.0 '24/09/2021' '18:40:43' 
1052.6620337963104 6.3 12.7 -76.05160550458714 165.48828125 0.0 0.0 '24/09/2021' '18:40:46' 
1056.129142999649 6.4 12.7 -40.07396788990825 234.28199404761907 0.0 0.0 '24/09/2021' '18:40:49' 
1059.1671962738037 6.3 13.1 -23.41915137614679 225.54966517857142 0.0 0.0 '24/09/2021' '18:40:53' 
1062.6700565814972 6.3 13.0 48.536123853210995 218.0242435515873 0.0 0.0 '24/09/2021' '18:40:56' 
1066.0563426017761 6.3 13.1 51.95871559633027 71.42051091269842 0.0 0.0 '24/09/2021' '18:40:59' 
1069.0518069267273 6.3 12.6 51.60837155963302 237.1217757936508 0.0 0.0 '24/09/2021' '18:41:02' 
1072.1022713184357 6.3 13.3 -38.34919724770643 164.56535218253967 0.0 0.0 '24/09/2021' '18:41:06' 
1075.5550270080566 6.4 12.6 -11.80389908256881 189.0584697420635 0.0 0.0 '24/09/2021' '18:41:09' 
1078.659600019455 6.4 12.3 47.56594036697248 143.69295634920636 0.0 0.0 '24/09/2021' '18:41:12' 
1082.1903100013733 6.4 12.1 7.195527522935777 74.40228174603175 0.0 0.0 '24/09/2021' '18:41:16' 
1085.4942467212677 6.3 11.2 19.969610091743117 235.06293402777777 0.0 0.0 '24/09/2021' '18:41:19' 
1088.6232595443726 6.4 11.7 55.1118119266055 214.82948908730157 0.0 0.0 '24/09/2021' '18:41:22' 
1092.4842464923859 6.4 11.7 42.472477064220186 192.04024057539684 0.0 0.0 '24/09/2021' '18:41:26' 
1095.6542749404907 6.3 11.8 -19.511467889908257 221.21899801587304 0.0 0.0 '24/09/2021' '18:41:29' 
1099.1633112430573 6.4 13.0 30.345183486238533 135.17361111111111 0.0 0.0 '24/09/2021' '18:41:33' 
1102.6744644641876 6.4 13.0 -2.668004587155963 183.16592261904762 0.0 0.0 '24/09/2021' '18:41:36' 
1106.1775183677673 6.3 13.1 42.17603211009174 -431.29185267857144 0.0 0.0 '24/09/2021' '18:41:40' 
1109.6313643455505 6.3 13.6 12.639334862385319 134.3216765873016 0.0 0.0 '24/09/2021' '18:41:43' 
1113.200078010559 6.4 12.8 81.92660550458716 130.34598214285714 0.0 0.0 '24/09/2021' '18:41:47' 
1116.6759576797485 6.4 13.4 -44.54759174311926 234.8499503968254 0.0 0.0 '24/09/2021' '18:41:50' 
1120.1638298034668 6.4 12.4 33.30963302752293 25.132068452380953 0.0 0.0 '24/09/2021' '18:41:54' 
1123.7269434928894 6.3 12.2 50.20699541284404 212.98363095238096 0.0 0.0 '24/09/2021' '18:41:57' 
1127.2202150821686 6.3 12.6 18.190940366972477 252.38560267857142 0.0 0.0 '24/09/2021' '18:42:01' 
1130.638603925705 6.4 13.8 22.287270642201833 9.300285218253968 0.0 0.0 '24/09/2021' '18:42:04' 
1134.1683993339539 6.4 14.0 -49.856651376146786 219.16015625 0.0 0.0 '24/09/2021' '18:42:08' 
1137.6198682785034 6.4 14.1 -50.26089449541284 176.6344246031746 0.0 0.0 '24/09/2021' '18:42:11' 
1141.185221195221 6.4 14.1 -10.321674311926607 -146.17776537698413 0.0 0.0 '24/09/2021' '18:42:15' 
1144.6783442497253 6.4 13.7 -50.74598623853211 -198.85571676587304 0.0 0.0 '24/09/2021' '18:42:18' 
1148.3470306396484 6.3 14.6 20.023509174311922 218.80518353174602 0.0 0.0 '24/09/2021' '18:42:22' 
1151.6211256980896 6.4 14.7 -21.344036697247702 288.308841765873 0.0 0.0 '24/09/2021' '18:42:25' 
1155.181058883667 6.3 14.6 -32.797591743119256 251.24968998015873 0.0 0.0 '24/09/2021' '18:42:29' 
1158.6847276687622 6.2 16.2 71.98222477064219 259.3430679563492 0.0 0.0 '24/09/2021' '18:42:32' 
1162.199326992035 6.1 15.4 -9.351490825688074 318.19754464285717 0.0 0.0 '24/09/2021' '18:42:36' 
1165.6183788776398 6.1 15.3 28.054472477064216 216.17838541666669 0.0 0.0 '24/09/2021' '18:42:39' 
1169.141384601593 6.1 15.2 36.840022935779814 231.72619047619048 0.0 0.0 '24/09/2021' '18:42:43' 
1172.646378993988 6.1 16.0 36.46272935779816 257.49720982142856 0.0 0.0 '24/09/2021' '18:42:46' 
1176.1611914634705 6.0 15.3 34.14506880733944 262.82180059523813 0.0 0.0 '24/09/2021' '18:42:50' 
1179.6572215557098 6.0 15.2 -30.237385321100916 -437.1843998015873 0.0 0.0 '24/09/2021' '18:42:53' 
1183.1500706672668 5.9 15.0 25.0091743119266 123.95647321428571 0.0 0.0 '24/09/2021' '18:42:57' 
1186.5427560806274 5.9 15.3 61.01376146788991 172.51674107142858 0.0 0.0 '24/09/2021' '18:43:00' 
1189.5442707538605 5.8 15.3 22.044724770642194 254.37344990079364 0.0 0.0 '24/09/2021' '18:43:03' 
1192.683890581131 5.9 14.7 33.147935779816514 95.77163938492063 0.0 0.0 '24/09/2021' '18:43:06' 
1196.1750645637512 5.9 15.0 5.686353211009172 219.58612351190476 0.0 0.0 '24/09/2021' '18:43:10' 
1199.6345114707947 6.0 14.8 -59.01949541284403 242.6593501984127 0.0 0.0 '24/09/2021' '18:43:13' 
1203.5244402885437 5.9 14.4 61.93004587155963 -267.36545138888886 0.0 0.0 '24/09/2021' '18:43:17' 
1206.6522266864777 5.9 14.4 84.86410550458714 218.45021081349205 0.0 0.0 '24/09/2021' '18:43:20' 
1210.1204075813293 5.9 15.3 -74.43463302752293 219.16015625 0.0 0.0 '24/09/2021' '18:43:23' 
1213.1462383270264 6.1 15.7 64.97534403669724 224.12977430555554 0.0 0.0 '24/09/2021' '18:43:27' 
1216.6865735054016 6.1 18.4 45.30217889908256 181.60404265873015 0.0 0.0 '24/09/2021' '18:43:30' 
1220.1554627418518 6.0 18.0 -14.067660550458717 -6.1765252976190474 0.0 0.0 '24/09/2021' '18:43:34' 
1223.7323133945465 6.0 18.1 20.589449541284406 211.2087673611111 0.0 0.0 '24/09/2021' '18:43:37' 
1227.190817117691 6.1 18.1 -42.39162844036697 153.34821428571428 0.0 0.0 '24/09/2021' '18:43:41' 
1230.622487783432 6.1 17.6 38.59174311926605 227.0405505952381 0.0 0.0 '24/09/2021' '18:43:44' 
1234.1912655830383 5.9 16.3 26.81479357798165 145.82279265873018 0.0 0.0 '24/09/2021' '18:43:48' 
1237.6643075942993 6.0 16.1 13.771215596330274 145.183841765873 0.0 0.0 '24/09/2021' '18:43:51' 
1241.1715235710144 6.0 16.0 -10.914564220183486 76.53211805555554 0.0 0.0 '24/09/2021' '18:43:55' 
1244.6688482761383 6.0 16.3 55.32740825688074 -314.36383928571433 0.0 0.0 '24/09/2021' '18:43:58' 
1248.1845252513885 5.9 16.1 -62.65768348623853 164.3523685515873 0.0 0.0 '24/09/2021' '18:44:02' 
1251.6909148693085 5.9 15.5 13.447821100917428 223.9167906746032 0.0 0.0 '24/09/2021' '18:44:05' 
1255.138078212738 5.9 15.5 -49.42545871559633 218.3792162698413 0.0 0.0 '24/09/2021' '18:44:08' 
1258.1489334106445 5.8 15.4 52.44380733944953 236.12785218253967 0.0 0.0 '24/09/2021' '18:44:12' 
1261.6668243408203 5.9 13.7 39.99311926605504 236.6248139880952 0.0 0.0 '24/09/2021' '18:44:15' 
1265.3240432739258 5.9 13.8 43.631307339449535 240.81349206349205 0.0 0.0 '24/09/2021' '18:44:19' 
1268.6670072078705 5.8 13.4 36.89392201834862 213.6935763888889 0.0 0.0 '24/09/2021' '18:44:22' 
1272.1831593513489 5.8 13.5 39.83142201834862 191.75626240079364 0.0 0.0 '24/09/2021' '18:44:26' 
1275.6192891597748 5.8 13.0 39.481077981651374 233.7140376984127 0.0 0.0 '24/09/2021' '18:44:29' 
1278.63987326622 5.8 13.2 45.329128440366965 -72.27244543650794 0.0 0.0 '24/09/2021' '18:44:32' 
1282.1452052593231 5.8 13.6 -1.2666284403669732 -37.05915178571429 0.0 0.0 '24/09/2021' '18:44:36' 
1285.6945669651031 5.8 13.6 24.227637614678898 204.25130208333331 0.0 0.0 '24/09/2021' '18:44:39' 
1289.1660811901093 5.8 13.3 -15.06479357798165 192.11123511904762 0.0 0.0 '24/09/2021' '18:44:43' 
1292.651197195053 5.8 13.4 -60.09747706422018 -65.03100198412699 0.0 0.0 '24/09/2021' '18:44:46' 
1296.1642534732819 5.8 13.3 3.153096330275226 224.55574156746033 0.0 0.0 '24/09/2021' '18:44:50' 
1299.6363904476166 5.7 13.5 9.297591743119266 236.83779761904762 0.0 0.0 '24/09/2021' '18:44:53' 
1303.1942882537842 5.6 14.1 45.14048165137615 269.4242931547619 0.0 0.0 '24/09/2021' '18:44:57' 
1306.6707026958466 5.7 13.3 16.789564220183482 242.23338293650792 0.0 0.0 '24/09/2021' '18:45:00' 
1310.2060384750366 5.7 14.1 -49.58715596330275 183.73387896825398 0.0 0.0 '24/09/2021' '18:45:04' 
1313.6712651252747 5.7 13.1 26.706995412844027 241.5944320436508 0.0 0.0 '24/09/2021' '18:45:07' 
1317.1953859329224 5.5 12.3 -15.388188073394494 167.97309027777777 0.0 0.0 '24/09/2021' '18:45:11' 
1320.6526761054993 5.4 8.6 45.43692660550458 206.7361111111111 0.0 0.0 '24/09/2021' '18:45:14' 
1324.1423840522766 5.4 8.3 14.768348623853205 66.30890376984127 0.0 0.0 '24/09/2021' '18:45:18' 
1328.1437277793884 5.4 8.6 40.82855504587155 175.6405009920635 0.0 0.0 '24/09/2021' '18:45:22' 
1331.6732785701752 5.4 8.6 20.751146788990823 209.36290922619048 0.0 0.0 '24/09/2021' '18:45:25' 
1335.2355151176453 5.3 9.5 35.03440366972477 215.61042906746033 0.0 0.0 '24/09/2021' '18:45:29' 
1338.5819880962372 5.3 9.9 -14.067660550458717 98.61142113095238 0.0 0.0 '24/09/2021' '18:45:32' 
1341.7039301395416 5.3 10.0 26.16800458715596 215.11346726190476 0.0 0.0 '24/09/2021' '18:45:35' 
1345.236742734909 5.3 9.9 28.054472477064216 219.0181671626984 0.0 0.0 '24/09/2021' '18:45:39' 
1348.7170355319977 5.2 9.6 -2.371559633027526 161.15761408730157 0.0 0.0 '24/09/2021' '18:45:43' 
1352.6982929706573 5.2 9.5 12.989678899082564 210.2858382936508 0.0 0.0 '24/09/2021' '18:45:46' 
1356.2161231040955 5.2 9.1 35.896788990825684 161.93855406746033 0.0 0.0 '24/09/2021' '18:45:50' 
1359.59690451622 5.1 9.0 -71.82052752293578 128.71310763888889 0.0 0.0 '24/09/2021' '18:45:53' 
1362.6758289337158 5.1 8.9 -48.293577981651374 93.28683035714286 0.0 0.0 '24/09/2021' '18:45:56' 
1366.1944835186005 5.1 8.7 -23.985091743119266 -160.8736359126984 0.0 0.0 '24/09/2021' '18:46:00' 
1369.665513753891 5.1 8.6 -36.13933486238531 181.74603174603175 0.0 0.0 '24/09/2021' '18:46:03' 
1373.206288099289 5.1 8.6 -27.731077981651374 116.78602430555556 0.0 0.0 '24/09/2021' '18:46:07' 
1376.6926600933075 5.1 8.6 -64.59805045871559 214.6875 0.0 0.0 '24/09/2021' '18:46:10' 
1380.1455354690552 5.1 8.6 -55.48910550458716 192.3952132936508 0.0 0.0 '24/09/2021' '18:46:14' 
1383.6604154109955 5.1 8.3 27.892775229357795 215.25545634920636 0.0 0.0 '24/09/2021' '18:46:17' 
1387.197161436081 5.1 8.2 15.738532110091743 228.81541418650792 0.0 0.0 '24/09/2021' '18:46:21' 
1390.6521289348602 5.1 8.3 -84.91800458715596 203.5413566468254 0.0 0.0 '24/09/2021' '18:46:24' 
1394.2097187042236 5.2 8.4 -15.037844036697248 230.3062996031746 0.0 0.0 '24/09/2021' '18:46:28' 
1397.6379947662354 5.2 8.3 43.20011467889907 199.84964037698413 0.0 0.0 '24/09/2021' '18:46:31' 
1401.1190917491913 5.1 8.2 24.03899082568807 206.45213293650792 0.0 0.0 '24/09/2021' '18:46:35' 
1404.6075444221497 5.1 8.6 7.060779816513758 -273.25799851190476 0.0 0.0 '24/09/2021' '18:46:38' 
1407.5692846775055 5.1 8.1 59.23509174311926 228.24745783730157 0.0 0.0 '24/09/2021' '18:46:41' 
1410.6341784000397 5.1 8.5 13.313073394495413 170.9548611111111 0.0 0.0 '24/09/2021' '18:46:44' 
1414.1669764518738 5.1 8.7 30.911123853211002 18.67156498015873 0.0 0.0 '24/09/2021' '18:46:48' 
1418.2102646827698 5.0 8.6 -48.320527522935784 226.82756696428572 0.0 0.0 '24/09/2021' '18:46:52' 
1421.5615737438202 5.0 8.6 46.62270642201835 112.9523189484127 0.0 0.0 '24/09/2021' '18:46:55' 
1424.5262043476105 5.0 8.8 27.650229357798164 55.30474950396826 0.0 0.0 '24/09/2021' '18:46:58' 
1427.6489653587341 5.0 8.9 58.318807339449535 231.01624503968256 0.0 0.0 '24/09/2021' '18:47:02' 
1431.6612610816956 5.0 9.2 -37.352064220183486 67.79978918650794 0.0 0.0 '24/09/2021' '18:47:05' 
1435.223168373108 5.1 9.5 1.0779816513761467 240.17454117063494 0.0 0.0 '24/09/2021' '18:47:09' 
1438.5898504257202 5.2 8.8 -4.446674311926605 205.8131820436508 0.0 0.0 '24/09/2021' '18:47:12' 
1441.6983079910278 5.2 8.3 61.12155963302752 215.04247271825398 0.0 0.0 '24/09/2021' '18:47:15' 
1445.153745174408 5.2 8.7 -38.403096330275226 180.18415178571428 0.0 0.0 '24/09/2021' '18:47:19' 
1448.6868760585785 5.2 8.7 52.875 233.28807043650792 0.0 0.0 '24/09/2021' '18:47:22' 
1452.2318398952484 5.2 9.2 52.52465596330274 201.26953125 0.0 0.0 '24/09/2021' '18:47:26' 
1455.680763244629 5.2 10.4 -68.53268348623853 213.9065600198413 0.0 0.0 '24/09/2021' '18:47:29' 
1459.1383972167969 5.2 10.3 29.267201834862384 153.91617063492063 0.0 0.0 '24/09/2021' '18:47:33' 
1462.675509929657 5.2 10.4 -14.579701834862385 79.01692708333334 0.0 0.0 '24/09/2021' '18:47:36' 
1466.174468278885 5.2 11.4 -22.206422018348626 -308.4712921626984 0.0 0.0 '24/09/2021' '18:47:40' 
1469.6194202899933 5.2 11.4 25.19782110091743 215.8234126984127 0.0 0.0 '24/09/2021' '18:47:43' 
1473.1580131053925 5.3 11.7 -55.1657110091743 173.93663194444446 0.0 0.0 '24/09/2021' '18:47:47' 
1476.7024600505829 5.3 12.0 -63.92431192660549 218.45021081349205 0.0 0.0 '24/09/2021' '18:47:50' 
1480.1694111824036 5.3 12.0 69.96100917431191 238.32868303571428 0.0 0.0 '24/09/2021' '18:47:54' 
1483.587037563324 5.3 12.7 37.783256880733944 138.43936011904762 0.0 0.0 '24/09/2021' '18:47:57' 
1487.1357369422913 5.3 13.7 -39.6697247706422 201.97947668650792 0.0 0.0 '24/09/2021' '18:48:01' 
1490.5149929523468 5.3 13.3 21.80217889908257 158.8147941468254 0.0 0.0 '24/09/2021' '18:48:04' 
1493.6184542179108 5.3 13.3 12.935779816513762 178.7642609126984 0.0 0.0 '24/09/2021' '18:48:07' 
1497.2044470310211 5.2 13.2 21.963876146788987 216.8173363095238 0.0 0.0 '24/09/2021' '18:48:11' 
1500.5508291721344 5.3 13.2 6.17144495412844 179.1902281746032 0.0 0.0 '24/09/2021' '18:48:14' 
1503.6403727531433 5.4 14.4 -59.28899082568807 220.08308531746033 0.0 0.0 '24/09/2021' '18:48:17' 
1507.1688921451569 5.3 13.6 40.18176605504586 -312.02101934523813 0.0 0.0 '24/09/2021' '18:48:21' 
1510.6450617313385 5.3 13.6 23.446100917431192 168.8250248015873 0.0 0.0 '24/09/2021' '18:48:24' 
1514.1759796142578 5.3 13.2 54.653669724770644 7.170448908730159 0.0 0.0 '24/09/2021' '18:48:28' 
1517.656176328659 5.3 12.1 -83.73222477064219 198.85571676587304 0.0 0.0 '24/09/2021' '18:48:31' 
1521.1816382408142 5.4 12.3 24.497133027522928 201.1275421626984 0.0 0.0 '24/09/2021' '18:48:35' 
1525.2010490894318 5.4 13.0 42.229931192660544 142.41505456349208 0.0 0.0 '24/09/2021' '18:48:39' 
1528.59912276268 5.4 13.6 43.09231651376146 207.0910838293651 0.0 0.0 '24/09/2021' '18:48:42' 
1531.7113101482391 5.3 13.6 -6.926032110091743 68.79371279761905 0.0 0.0 '24/09/2021' '18:48:45' 
1535.2145175933838 5.4 13.0 45.463876146788984 204.10931299603175 0.0 0.0 '24/09/2021' '18:48:49' 
1538.6646325588226 5.4 12.7 -32.82454128440367 81.78571428571429 0.0 0.0 '24/09/2021' '18:48:53' 
1542.7060537338257 5.3 12.6 37.32511467889908 -263.10577876984127 0.0 0.0 '24/09/2021' '18:48:56' 
1546.18931722641 5.3 12.6 58.453555045871546 107.1307663690476 0.0 0.0 '24/09/2021' '18:49:00' 
1549.668166399002 5.3 12.3 -70.85034403669724 93.35782490079364 0.0 0.0 '24/09/2021' '18:49:03' 
1553.2177214622498 5.2 12.5 25.52121559633027 183.2369171626984 0.0 0.0 '24/09/2021' '18:49:07' 
1556.6419789791107 5.2 11.9 -38.34919724770643 237.26376488095238 0.0 0.0 '24/09/2021' '18:49:10' 
1560.1447336673737 5.3 11.5 40.85550458715596 218.59219990079364 0.0 0.0 '24/09/2021' '18:49:14' 
1563.6791558265686 5.3 11.7 38.699541284403665 197.8617931547619 0.0 0.0 '24/09/2021' '18:49:17' 
1567.2070407867432 5.4 11.7 9.297591743119266 142.48604910714286 0.0 0.0 '24/09/2021' '18:49:21' 
1570.6421222686768 5.4 10.9 29.96788990825688 156.4009796626984 0.0 0.0 '24/09/2021' '18:49:24' 
1574.1299493312836 5.4 10.9 -23.36525229357798 153.4192088293651 0.0 0.0 '24/09/2021' '18:49:28' 
1577.6787505149841 5.4 10.9 31.396215596330276 206.38113839285717 0.0 0.0 '24/09/2021' '18:49:31' 
1581.2058234214783 5.4 10.6 22.745412844036693 185.36675347222223 0.0 0.0 '24/09/2021' '18:49:35' 
1584.7188441753387 5.3 10.4 -1.643922018348626 111.67441716269842 0.0 0.0 '24/09/2021' '18:49:38' 
1588.028729915619 5.3 9.6 56.86353211009174 119.05784970238095 0.0 0.0 '24/09/2021' '18:49:41' 
1591.1786909103394 5.3 9.0 43.927752293577974 -576.1917162698412 0.0 0.0 '24/09/2021' '18:49:45' 
1594.62668466568 5.3 10.8 67.53555045871559 213.97755456349205 0.0 0.0 '24/09/2021' '18:49:48' 
1598.1811242103577 5.3 11.6 35.762041284403665 180.0421626984127 0.0 0.0 '24/09/2021' '18:49:52' 
1601.6484801769257 5.3 11.6 4.797018348623852 214.6165054563492 0.0 0.0 '24/09/2021' '18:49:55' 
1605.148413181305 5.3 12.4 36.705275229357795 240.81349206349205 0.0 0.0 '24/09/2021' '18:49:59' 
1608.713047027588 5.3 11.5 67.50860091743118 231.15823412698413 0.0 0.0 '24/09/2021' '18:50:02' 
1612.202309846878 5.3 11.7 -53.79128440366972 153.91617063492063 0.0 0.0 '24/09/2021' '18:50:06' 
1615.5521898269653 5.4 11.6 -62.68463302752293 214.19053819444446 0.0 0.0 '24/09/2021' '18:50:09' 
1618.5389831066132 5.3 12.5 24.146788990825687 246.77703373015873 0.0 0.0 '24/09/2021' '18:50:12' 
1621.6523215770721 5.4 12.8 -48.77866972477064 206.7361111111111 0.0 0.0 '24/09/2021' '18:50:15' 
1625.2245774269104 5.3 12.6 34.41456422018348 184.01785714285717 0.0 0.0 '24/09/2021' '18:50:19' 
1628.710366010666 5.3 11.9 24.497133027522935 228.74441964285717 0.0 0.0 '24/09/2021' '18:50:22' 
1632.2069518566132 5.3 11.0 13.798165137614676 217.38529265873015 0.0 0.0 '24/09/2021' '18:50:26' 
1635.5850806236267 5.3 11.0 50.15309633027522 120.47774057539682 0.0 0.0 '24/09/2021' '18:50:29' 
1639.204355955124 5.3 10.9 -5.5785550458715605 60.13237847222223 0.0 0.0 '24/09/2021' '18:50:33' 
1642.6984558105469 5.2 11.5 46.51490825688073 -228.46044146825398 0.0 0.0 '24/09/2021' '18:50:36' 
1646.200543642044 5.2 11.5 25.090022935779814 163.57142857142858 0.0 0.0 '24/09/2021' '18:50:40' 
1649.6729695796967 5.2 11.6 29.779243119266052 170.74187748015873 0.0 0.0 '24/09/2021' '18:50:43' 
1653.2528424263 5.2 11.4 71.63188073394495 232.578125 0.0 0.0 '24/09/2021' '18:50:47' 
1656.7013998031616 5.2 11.6 37.27121559633027 194.95101686507937 0.0 0.0 '24/09/2021' '18:50:50' 
1660.1406724452972 5.2 11.7 -61.52580275229358 179.68718998015873 0.0 0.0 '24/09/2021' '18:50:53' 
1663.191124200821 5.1 11.2 -72.35951834862385 199.0687003968254 0.0 0.0 '24/09/2021' '18:50:57' 
1666.6950707435608 5.1 11.1 43.95470183486238 54.523809523809526 0.0 0.0 '24/09/2021' '18:51:00' 
1670.1891095638275 5.0 11.1 -80.71387614678899 178.4802827380952 0.0 0.0 '24/09/2021' '18:51:04' 
1673.6501262187958 5.0 10.9 36.75917431192659 218.23722718253967 0.0 0.0 '24/09/2021' '18:51:07' 
1677.2240924835205 5.0 10.9 -19.56536697247706 249.6878100198413 0.0 0.0 '24/09/2021' '18:51:11' 
1680.6920657157898 4.9 10.8 6.54873853211009 -667.2067212301587 0.0 0.0 '24/09/2021' '18:51:14' 
1684.147087097168 4.9 11.5 31.6118119266055 194.38306051587304 0.0 0.0 '24/09/2021' '18:51:18' 
1687.6793582439423 4.9 11.5 6.710435779816515 219.16015625 0.0 0.0 '24/09/2021' '18:51:21' 
1691.1887497901917 4.8 11.5 -29.536697247706417 -380.17578125 0.0 0.0 '24/09/2021' '18:51:25' 
1694.5590131282806 4.8 11.1 21.586582568807337 217.66927083333331 0.0 0.0 '24/09/2021' '18:51:28' 
1697.6026964187622 4.7 9.5 38.02580275229357 179.26122271825398 0.0 0.0 '24/09/2021' '18:51:31' 
1700.6048693656921 4.7 8.9 38.61869266055046 104.64595734126983 0.0 0.0 '24/09/2021' '18:51:34' 
1704.0847442150116 4.7 8.9 9.486238532110088 162.2225322420635 0.0 0.0 '24/09/2021' '18:51:37' 
1707.141522884369 4.7 8.7 6.036697247706423 209.64688740079364 0.0 0.0 '24/09/2021' '18:51:41' 
1710.583788394928 4.7 8.4 46.272362385321095 247.2030009920635 0.0 0.0 '24/09/2021' '18:51:44' 
1714.1555149555206 4.7 8.3 41.09805045871559 239.6775793650794 0.0 0.0 '24/09/2021' '18:51:48' 
1717.6407141685486 4.7 8.2 -91.57454128440365 244.71819196428572 0.0 0.0 '24/09/2021' '18:51:51' 
1721.1490268707275 4.6 7.2 -96.1829128440367 25.771019345238095 0.0 0.0 '24/09/2021' '18:51:55' 
1724.5790030956268 4.5 6.9 28.270068807339445 204.89025297619048 0.0 0.0 '24/09/2021' '18:51:58' 
1727.6038975715637 4.6 7.2 9.971330275229358 199.28168402777777 0.0 0.0 '24/09/2021' '18:52:01' 
1730.8952782154083 4.6 7.3 -30.264334862385322 217.101314484127 0.0 0.0 '24/09/2021' '18:52:04' 
1734.0724132061005 4.7 7.5 -30.345183486238533 241.5944320436508 0.0 0.0 '24/09/2021' '18:52:07' 
1737.1509840488434 4.8 8.1 32.85149082568806 230.4482886904762 0.0 0.0 '24/09/2021' '18:52:11' 
1740.60870718956 4.8 8.0 -19.053325688073393 229.2413814484127 0.0 0.0 '24/09/2021' '18:52:14' 
1743.6273667812347 4.8 8.2 32.87844036697248 192.3952132936508 0.0 0.0 '24/09/2021' '18:52:17' 
1747.1382162570953 4.9 8.4 -59.18119266055045 155.12307787698413 0.0 0.0 '24/09/2021' '18:52:21' 
1750.5936543941498 4.9 8.3 51.93176605504587 194.6670386904762 0.0 0.0 '24/09/2021' '18:52:24' 
1753.6470630168915 5.0 8.5 42.068233944954116 -404.24293154761904 0.0 0.0 '24/09/2021' '18:52:27' 
1757.1250734329224 5.0 9.8 -47.51204128440367 145.75179811507937 0.0 0.0 '24/09/2021' '18:52:30' 
1760.1347150802612 5.0 10.9 26.62614678899082 202.6184275793651 0.0 0.0 '24/09/2021' '18:52:33' 
1763.1148500442505 5.0 10.6 -75.16227064220182 189.62642609126985 0.0 0.0 '24/09/2021' '18:52:36' 
1766.1117761135101 5.0 10.5 -77.91112385321101 222.92286706349205 0.0 0.0 '24/09/2021' '18:52:39' 
1769.1309707164764 5.0 10.8 41.502293577981646 102.6581101190476 0.0 0.0 '24/09/2021' '18:52:43' 
1772.659803390503 5.1 11.0 -31.504013761467892 145.96478174603175 0.0 0.0 '24/09/2021' '18:52:46' 
1776.1434452533722 5.0 10.9 -6.171444954128441 268.50136408730157 0.0 0.0 '24/09/2021' '18:52:50' 
1779.657615661621 5.1 10.8 26.410550458715598 105.42689732142858 0.0 0.0 '24/09/2021' '18:52:53' 
1783.143015384674 5.1 10.4 9.594036697247704 -62.90116567460318 0.0 0.0 '24/09/2021' '18:52:57' 
1786.7021527290344 5.2 10.5 48.72477064220183 -405.8758060515873 0.0 0.0 '24/09/2021' '18:53:00' 
1790.115252494812 5.2 10.4 22.987958715596324 159.73772321428572 0.0 0.0 '24/09/2021' '18:53:03' 
1793.1214413642883 5.2 10.4 41.2058486238532 169.74795386904762 0.0 0.0 '24/09/2021' '18:53:06' 
1796.1483619213104 5.4 10.5 -72.44036697247705 172.0907738095238 0.0 0.0 '24/09/2021' '18:53:10' 
1799.6403048038483 5.3 10.6 34.980504587155956 76.67410714285714 0.0 0.0 '24/09/2021' '18:53:13' 
1803.1607892513275 5.3 10.6 43.22706422018348 206.31014384920636 0.0 0.0 '24/09/2021' '18:53:17' 
1807.1617920398712 5.2 10.1 47.88933486238531 253.0955481150794 0.0 0.0 '24/09/2021' '18:53:21' 
1810.671531677246 5.2 10.1 -76.26720183486239 41.247829861111114 0.0 0.0 '24/09/2021' '18:53:24' 
1814.1509566307068 5.2 10.5 -67.07740825688073 227.53751240079364 0.0 0.0 '24/09/2021' '18:53:28' 
1817.6130039691925 5.3 10.5 18.110091743119263 248.3389136904762 0.0 0.0 '24/09/2021' '18:53:31' 
1820.6264135837555 5.4 10.6 29.671444954128436 270.4892113095238 0.0 0.0 '24/09/2021' '18:53:34' 
1824.1272993087769 5.4 10.7 -54.465022935779814 137.7294146825397 0.0 0.0 '24/09/2021' '18:53:37' 
1827.1448817253113 5.3 10.4 -54.653669724770644 127.86117311507937 0.0 0.0 '24/09/2021' '18:53:41' 
1830.5849916934967 5.3 10.3 -21.290137614678898 216.10739087301587 0.0 0.0 '24/09/2021' '18:53:44' 
1833.6168355941772 5.3 11.0 -33.0401376146789 232.36514136904762 0.0 0.0 '24/09/2021' '18:53:47' 
1837.1389937400818 5.2 10.4 42.229931192660544 226.18861607142858 0.0 0.0 '24/09/2021' '18:53:51' 
1840.5669219493866 5.2 10.5 37.08256880733944 235.9858630952381 0.0 0.0 '24/09/2021' '18:53:54' 
1843.6224632263184 5.1 9.6 -88.58314220183486 260.33699156746036 0.0 0.0 '24/09/2021' '18:53:57' 
1847.1672177314758 5.0 9.6 23.823394495412842 134.60565476190476 0.0 0.0 '24/09/2021' '18:54:01' 
1850.6711769104004 5.0 9.5 -4.150229357798166 123.53050595238095 0.0 0.0 '24/09/2021' '18:54:04' 
1854.1202204227448 4.9 9.4 -72.14392201834862 -48.560267857142854 0.0 0.0 '24/09/2021' '18:54:08' 
1857.6412470340729 4.8 7.8 6.063646788990825 157.6078869047619 0.0 0.0 '24/09/2021' '18:54:11' 
1861.0671355724335 4.8 6.6 -7.545871559633026 221.00601438492063 0.0 0.0 '24/09/2021' '18:54:14' 
1864.1208775043488 4.8 6.6 1.2396788990825671 -359.72935267857144 0.0 0.0 '24/09/2021' '18:54:18' 
1867.6412653923035 4.8 6.8 44.49369266055045 -488.3004712301588 0.0 0.0 '24/09/2021' '18:54:21' 
1871.2120170593262 4.8 6.6 15.091743119266052 241.8074156746032 0.0 0.0 '24/09/2021' '18:54:25' 
1874.6011412143707 4.8 6.5 -62.064793577981646 130.70095486111111 0.0 0.0 '24/09/2021' '18:54:28' 
1877.6399793624878 4.8 6.5 -76.4019495412844 257.85218253968253 0.0 0.0 '24/09/2021' '18:54:31' 
1881.0950140953064 4.8 6.5 -87.63990825688072 272.2640749007937 0.0 0.0 '24/09/2021' '18:54:35' 
1884.6450009346008 4.7 6.1 25.871559633027523 249.54582093253967 0.0 0.0 '24/09/2021' '18:54:38' 
1888.0940599441528 4.7 6.0 -32.87844036697248 268.99832589285717 0.0 0.0 '24/09/2021' '18:54:41' 
1891.0853073596954 4.7 6.1 -3.0183486238532113 292.9234871031746 0.0 0.0 '24/09/2021' '18:54:44' 
1894.1535830497742 4.7 6.1 -1.8595183486238545 275.5298239087302 0.0 0.0 '24/09/2021' '18:54:48' 
1897.669443845749 4.6 5.9 -74.38073394495413 89.95008680555554 0.0 0.0 '24/09/2021' '18:54:51' 
1901.1534509658813 4.6 6.4 -23.60779816513761 237.19277033730157 0.0 0.0 '24/09/2021' '18:54:55' 
1904.6774516105652 4.7 6.5 60.232224770642205 245.9250992063492 0.0 0.0 '24/09/2021' '18:54:58' 
1908.128108739853 4.8 7.6 27.81192660550458 248.55189732142858 0.0 0.0 '24/09/2021' '18:55:02' 
1911.5851118564606 4.8 7.4 20.99369266055045 164.70734126984127 0.0 0.0 '24/09/2021' '18:55:05' 
1915.1195435523987 4.7 7.0 9.70183486238532 7.170448908730159 0.0 0.0 '24/09/2021' '18:55:09' 
1919.125090122223 4.7 7.2 46.299311926605505 -242.80133928571428 0.0 0.0 '24/09/2021' '18:55:12' 
1922.185464143753 4.7 7.3 37.81020642201834 -448.1885540674603 0.0 0.0 '24/09/2021' '18:55:16' 
1925.5927412509918 4.7 7.9 45.5716743119266 75.68018353174604 0.0 0.0 '24/09/2021' '18:55:19' 
1928.5840356349945 4.7 7.8 -3.692087155963303 239.53559027777777 0.0 0.0 '24/09/2021' '18:55:22' 
1931.5854771137238 4.6 7.7 -42.28383027522935 148.9465525793651 0.0 0.0 '24/09/2021' '18:55:25' 
1934.6765232086182 4.7 7.8 44.30504587155963 174.3625992063492 0.0 0.0 '24/09/2021' '18:55:28' 
1938.0996932983398 4.6 7.8 16.034977064220183 -153.91617063492063 0.0 0.0 '24/09/2021' '18:55:31' 
1941.0830295085907 4.6 7.7 -22.17947247706422 44.86855158730159 0.0 0.0 '24/09/2021' '18:55:34' 
1944.140400648117 4.7 7.8 53.33314220183485 120.6907242063492 0.0 0.0 '24/09/2021' '18:55:38' 
1947.6808862686157 4.6 9.2 35.169151376146786 239.53559027777777 0.0 0.0 '24/09/2021' '18:55:41' 
1951.195466518402 4.6 9.6 -7.815366972477063 193.60212053571428 0.0 0.0 '24/09/2021' '18:55:45' 
1954.644073009491 4.7 9.6 23.09575688073394 260.97594246031747 0.0 0.0 '24/09/2021' '18:55:48' 
1958.165328502655 4.7 9.5 -15.603784403669724 266.79749503968253 0.0 0.0 '24/09/2021' '18:55:52' 
1961.6293692588806 4.8 10.4 -11.507454128440367 164.56535218253967 0.0 0.0 '24/09/2021' '18:55:56' 
1965.6114706993103 4.8 10.5 -24.65883027522936 52.32297867063492 0.0 0.0 '24/09/2021' '18:55:59' 
1968.6829583644867 4.9 10.5 22.853211009174306 226.25961061507937 0.0 0.0 '24/09/2021' '18:56:02' 
1972.2540781497955 4.9 10.4 -95.05103211009174 219.79910714285717 0.0 0.0 '24/09/2021' '18:56:06' 
1975.6980409622192 4.9 10.6 56.40538990825687 216.17838541666669 0.0 0.0 '24/09/2021' '18:56:09' 
1979.144787311554 5.0 10.7 -79.77064220183486 -475.4504588293651 0.0 0.0 '24/09/2021' '18:56:13' 
1982.6772239208221 5.0 10.8 -12.881880733944955 186.92863343253967 0.0 0.0 '24/09/2021' '18:56:16' 
1986.181533575058 5.1 11.1 30.183486238532105 -99.96031746031747 0.0 0.0 '24/09/2021' '18:56:20' 
1989.6106424331665 5.1 11.4 62.30733944954128 -190.83333333333331 0.0 0.0 '24/09/2021' '18:56:23' 
1993.1555263996124 5.2 13.3 -69.55676605504587 238.82564484126985 0.0 0.0 '24/09/2021' '18:56:27' 
1996.6699826717377 5.3 13.3 -9.028096330275229 270.91517857142856 0.0 0.0 '24/09/2021' '18:56:30' 
2000.201869726181 5.4 13.7 -6.6834862385321125 106.42082093253968 0.0 0.0 '24/09/2021' '18:56:34' 
2003.6928446292877 5.4 13.0 -13.852064220183484 157.7498759920635 0.0 0.0 '24/09/2021' '18:56:37' 
2007.1430490016937 5.5 13.6 14.39105504587156 238.2576884920635 0.0 0.0 '24/09/2021' '18:56:41' 
2010.6576664447784 5.5 12.5 -12.666284403669723 5.324590773809524 0.0 0.0 '24/09/2021' '18:56:44' 
2014.102736234665 5.6 12.8 7.73451834862385 237.68973214285717 0.0 0.0 '24/09/2021' '18:56:47' 
2017.1148962974548 5.6 12.8 69.47591743119266 216.46236359126985 0.0 0.0 '24/09/2021' '18:56:50' 
2020.1301810741425 5.7 13.3 -79.3663990825688 98.5404265873016 0.0 0.0 '24/09/2021' '18:56:53' 
2023.116379737854 5.8 13.2 18.08314220183486 267.64942956349205 0.0 0.0 '24/09/2021' '18:56:56' 
2026.1799504756927 5.8 14.8 -12.585435779816514 197.22284226190476 0.0 0.0 '24/09/2021' '18:57:00' 
2029.6201450824738 5.8 14.8 47.08084862385321 238.96763392857142 0.0 0.0 '24/09/2021' '18:57:03' 
2033.1655941009521 5.9 15.4 -36.24713302752293 264.52566964285717 0.0 0.0 '24/09/2021' '18:57:07' 
2036.5813963413239 6.0 14.6 44.41284403669725 273.3999875992063 0.0 0.0 '24/09/2021' '18:57:10' 
2039.5806922912598 5.9 14.5 -24.092889908256883 270.2052331349206 0.0 0.0 '24/09/2021' '18:57:13' 
2043.1469118595123 6.0 15.0 -39.346330275229356 271.76711309523813 0.0 0.0 '24/09/2021' '18:57:17' 
2046.614277124405 6.1 15.8 -32.420298165137616 -291.21961805555554 0.0 0.0 '24/09/2021' '18:57:20' 
2050.1309576034546 6.1 14.3 -34.657110091743114 267.2234623015873 0.0 0.0 '24/09/2021' '18:57:24' 
2054.156512260437 6.2 13.9 -37.62155963302752 256.1483134920635 0.0 0.0 '24/09/2021' '18:57:28' 
2057.6087486743927 6.2 13.9 -55.75860091743119 -385.7843501984127 0.0 0.0 '24/09/2021' '18:57:31' 
2060.611639738083 6.2 14.0 -17.894495412844037 209.0789310515873 0.0 0.0 '24/09/2021' '18:57:34' 
2064.1120903491974 6.2 13.3 -62.927178899082556 217.66927083333331 0.0 0.0 '24/09/2021' '18:57:37' 
2067.133224964142 6.2 13.2 21.209288990825684 280.14446924603175 0.0 0.0 '24/09/2021' '18:57:41' 
2070.6004297733307 6.2 13.2 -12.288990825688073 10.010230654761905 0.0 0.0 '24/09/2021' '18:57:44' 
2073.624767065048 6.2 13.0 -39.346330275229356 269.92125496031747 0.0 0.0 '24/09/2021' '18:57:47' 
2077.15034532547 6.2 13.2 -37.00172018348624 303.9276413690476 0.0 0.0 '24/09/2021' '18:57:51' 
2080.611805677414 6.2 13.4 12.935779816513762 264.80964781746036 0.0 0.0 '24/09/2021' '18:57:54' 
2083.621300458908 6.2 13.3 -67.85894495412843 294.13039434523813 0.0 0.0 '24/09/2021' '18:57:57' 
2087.152769088745 6.2 13.2 -58.39965596330274 108.76364087301587 0.0 0.0 '24/09/2021' '18:58:01' 
2090.55020570755 6.1 13.0 -48.13188073394495 283.12624007936506 0.0 0.0 '24/09/2021' '18:58:04' 
2093.6379430294037 6.2 12.1 -43.55045871559633 213.4805927579365 0.0 0.0 '24/09/2021' '18:58:07' 
2097.1112973690033 6.2 12.2 -52.79415137614678 274.53590029761904 0.0 0.0 '24/09/2021' '18:58:11' 
2101.1265523433685 6.2 11.9 56.00114678899082 242.30437748015873 0.0 0.0 '24/09/2021' '18:58:14' 
2104.1056768894196 6.1 11.8 42.6341743119266 163.2164558531746 0.0 0.0 '24/09/2021' '18:58:18' 
2107.675857067108 6.0 11.7 37.81020642201834 164.3523685515873 0.0 0.0 '24/09/2021' '18:58:21' 
2111.1361331939697 6.0 11.9 -6.333142201834861 -169.8189484126984 0.0 0.0 '24/09/2021' '18:58:25' 
2114.574213027954 6.1 11.9 -16.1697247706422 -434.6995907738095 0.0 0.0 '24/09/2021' '18:58:28' 
2117.579131603241 6.0 11.8 64.35550458715596 -277.44667658730157 0.0 0.0 '24/09/2021' '18:58:31' 
2120.603870868683 6.0 11.0 -51.44667431192659 256.29030257936506 0.0 0.0 '24/09/2021' '18:58:34' 
2123.614330768585 6.0 11.3 32.85149082568806 216.67534722222223 0.0 0.0 '24/09/2021' '18:58:37' 
2127.2277381420135 6.0 10.0 6.279243119266054 -229.52535962301587 0.0 0.0 '24/09/2021' '18:58:41' 
2130.6025290489197 6.0 9.9 38.537844036697244 174.64657738095238 0.0 0.0 '24/09/2021' '18:58:45' 
2134.6389684677124 6.0 9.6 10.213876146788992 274.9618675595238 0.0 0.0 '24/09/2021' '18:58:48' 
2138.0988495349884 6.0 9.7 -34.92660550458715 112.31336805555556 0.0 0.0 '24/09/2021' '18:58:51' 
2141.14120054245 6.1 10.7 13.124426605504583 42.80970982142857 0.0 0.0 '24/09/2021' '18:58:55' 
2145.1699171066284 6.1 10.6 24.470183486238525 273.9679439484127 0.0 0.0 '24/09/2021' '18:58:59' 
2148.69709444046 6.0 9.8 -34.27981651376147 223.98778521825398 0.0 0.0 '24/09/2021' '18:59:02' 
2152.194575548172 6.0 9.8 -53.95298165137614 259.769035218254 0.0 0.0 '24/09/2021' '18:59:06' 
2155.6875228881836 5.9 9.8 45.30217889908257 183.4499007936508 0.0 0.0 '24/09/2021' '18:59:09' 
2159.181548833847 6.0 10.0 50.55733944954128 218.80518353174602 0.0 0.0 '24/09/2021' '18:59:13' 
2162.666239976883 6.0 10.5 54.006880733944946 64.46304563492063 0.0 0.0 '24/09/2021' '18:59:16' 
2166.1495542526245 6.0 10.9 -34.360665137614674 -357.8834945436508 0.0 0.0 '24/09/2021' '18:59:20' 
2169.689421415329 6.0 10.9 56.08199541284402 151.43136160714286 0.0 0.0 '24/09/2021' '18:59:23' 
2173.140613079071 6.0 11.2 20.104357798165132 259.4850570436508 0.0 0.0 '24/09/2021' '18:59:27' 
2176.6661279201508 6.0 11.5 5.928899082568806 245.99609375 0.0 0.0 '24/09/2021' '18:59:31' 
2180.694656610489 6.0 11.2 52.1473623853211 206.23914930555554 0.0 0.0 '24/09/2021' '18:59:34' 
2184.132728099823 6.1 12.2 71.03899082568806 168.8250248015873 0.0 0.0 '24/09/2021' '18:59:38' 
2188.1987233161926 6.2 14.5 -36.732224770642205 189.69742063492063 0.0 0.0 '24/09/2021' '18:59:42' 
2191.5971603393555 6.1 14.4 -75.99770642201834 186.21868799603175 0.0 0.0 '24/09/2021' '18:59:45' 
2194.6616780757904 6.1 14.3 27.704128440366965 95.20368303571429 0.0 0.0 '24/09/2021' '18:59:48' 
2198.1540200710297 6.1 13.4 25.575114678899073 -100.45727926587301 0.0 0.0 '24/09/2021' '18:59:52' 
2201.770369529724 6.0 13.3 -49.58715596330275 255.2253844246032 0.0 0.0 '24/09/2021' '18:59:55' 
2205.163831949234 5.9 13.1 -26.94954128440367 171.66480654761907 0.0 0.0 '24/09/2021' '18:59:59' 
2208.640807390213 6.0 13.6 55.27350917431191 234.42398313492063 0.0 0.0 '24/09/2021' '19:00:02' 
2212.208308696747 5.9 12.9 40.26261467889907 256.4322916666667 0.0 0.0 '24/09/2021' '19:00:06' 
2215.6232213974 5.9 13.2 12.639334862385322 193.74410962301587 0.0 0.0 '24/09/2021' '19:00:09' 
2219.139872074127 5.8 13.0 35.78899082568807 231.15823412698413 0.0 0.0 '24/09/2021' '19:00:13' 
2222.679682970047 5.7 13.0 -72.25172018348624 249.11985367063494 0.0 0.0 '24/09/2021' '19:00:16' 
2226.1412885189056 5.7 12.9 57.56422018348623 130.6299603174603 0.0 0.0 '24/09/2021' '19:00:20' 
2229.6107263565063 5.7 12.9 25.413417431192652 154.484126984127 0.0 0.0 '24/09/2021' '19:00:23' 
2233.1376707553864 5.6 12.2 -30.318233944954127 -134.46366567460316 0.0 0.0 '24/09/2021' '19:00:27' 
2236.6423375606537 5.6 12.9 -53.11754587155963 178.05431547619048 0.0 0.0 '24/09/2021' '19:00:30' 
2240.114420413971 5.6 13.5 30.83027522935779 185.29575892857142 0.0 0.0 '24/09/2021' '19:00:33' 
2243.10484290123 5.5 13.2 28.054472477064216 257.5682043650794 0.0 0.0 '24/09/2021' '19:00:37' 
2247.1681718826294 5.5 12.3 17.30160550458715 261.7568824404762 0.0 0.0 '24/09/2021' '19:00:41' 
2250.575441837311 5.5 12.0 62.22649082568807 258.91710069444446 0.0 0.0 '24/09/2021' '19:00:44' 
2253.6196908950806 5.4 12.2 52.875 272.40606398809524 0.0 0.0 '24/09/2021' '19:00:47' 
2257.193420648575 5.4 12.5 36.813073394495405 207.37506200396825 0.0 0.0 '24/09/2021' '19:00:51' 
2260.5967016220093 5.5 12.9 -67.48165137614677 277.2336929563492 0.0 0.0 '24/09/2021' '19:00:54' 
2263.6394879817963 5.4 12.7 64.97534403669724 -77.02907986111111 0.0 0.0 '24/09/2021' '19:00:57' 
2267.102662086487 5.5 12.5 -27.299885321100916 258.8461061507937 0.0 0.0 '24/09/2021' '19:01:01' 
2270.62425160408 5.5 12.2 96.02121559633026 256.85825892857144 0.0 0.0 '24/09/2021' '19:01:04' 
2274.1118443012238 5.4 12.2 26.841743119266052 242.09139384920636 0.0 0.0 '24/09/2021' '19:01:07' 
2277.155937194824 5.4 11.8 -82.60034403669725 237.83172123015873 0.0 0.0 '24/09/2021' '19:01:11' 
2280.6036293506622 5.4 11.5 50.557339449541274 238.2576884920635 0.0 0.0 '24/09/2021' '19:01:14' 
2283.690354347229 5.3 11.4 -0.1616972477064243 227.39552331349205 0.0 0.0 '24/09/2021' '19:01:17' 
2287.258460044861 5.3 10.6 -42.06823394495412 234.28199404761907 0.0 0.0 '24/09/2021' '19:01:21' 
2290.5948765277863 5.1 8.2 67.10435779816514 243.7242683531746 0.0 0.0 '24/09/2021' '19:01:24' 
2293.704738378525 5.1 8.2 -59.01949541284403 159.66672867063494 0.0 0.0 '24/09/2021' '19:01:27' 
2297.236520767212 5.2 9.4 38.052752293577974 181.88802083333331 0.0 0.0 '24/09/2021' '19:01:31' 
2300.6417846679688 5.2 9.2 38.80733944954128 -62.04923115079365 0.0 0.0 '24/09/2021' '19:01:34' 
2304.110736131668 5.2 9.7 -77.34518348623853 220.2960689484127 0.0 0.0 '24/09/2021' '19:01:38' 
2308.141311645508 5.2 9.8 55.1657110091743 271.83810763888886 0.0 0.0 '24/09/2021' '19:01:42' 
2311.669900894165 5.2 9.4 65.05619266055045 238.2576884920635 0.0 0.0 '24/09/2021' '19:01:45' 
2315.145499944687 5.3 9.8 24.793577981651374 132.75979662698413 0.0 0.0 '24/09/2021' '19:01:49' 
2318.6580691337585 5.2 9.2 27.78497706422018 304.92156498015873 0.0 0.0 '24/09/2021' '19:01:52' 
2322.1845240592957 5.2 9.3 31.396215596330276 -50.90308779761905 0.0 0.0 '24/09/2021' '19:01:56' 
2325.488388299942 5.2 9.4 25.413417431192652 106.06584821428571 0.0 0.0 '24/09/2021' '19:01:59' 
2329.073753118515 5.3 9.4 31.82740825688073 260.76295882936506 0.0 0.0 '24/09/2021' '19:02:02' 
2332.457742214203 5.3 10.2 -3.4764908256880735 266.0165550595238 0.0 0.0 '24/09/2021' '19:02:06' 
2335.5023651123047 5.3 9.9 77.12958715596329 144.61588541666666 0.0 0.0 '24/09/2021' '19:02:09' 
2338.5642817020416 5.4 9.7 58.0493119266055 227.6795014880952 0.0 0.0 '24/09/2021' '19:02:12' 
2341.6674122810364 5.3 9.1 19.457568807339445 224.27176339285717 0.0 0.0 '24/09/2021' '19:02:15' 
2345.2106997966766 5.4 9.9 -33.417431192660544 172.87171378968256 0.0 0.0 '24/09/2021' '19:02:19' 
2348.673179626465 5.4 9.9 27.62327981651376 247.91294642857142 0.0 0.0 '24/09/2021' '19:02:22' 
2352.1254966259003 5.4 10.2 -29.96788990825688 -174.14961557539684 0.0 0.0 '24/09/2021' '19:02:26' 
2355.6522703170776 5.4 10.0 -63.439220183486235 -361.0782490079365 0.0 0.0 '24/09/2021' '19:02:29' 
2359.1167368888855 5.5 10.3 -66.05332568807339 222.92286706349205 0.0 0.0 '24/09/2021' '19:02:32' 
2362.1779556274414 5.4 10.2 31.15366972477064 104.50396825396825 0.0 0.0 '24/09/2021' '19:02:36' 
2365.6223757267 5.4 10.2 42.526376146788984 270.418216765873 0.0 0.0 '24/09/2021' '19:02:39' 
2369.1502895355225 5.3 11.6 30.021788990825684 250.46875 0.0 0.0 '24/09/2021' '19:02:43' 
2372.6526160240173 5.4 11.8 -46.272362385321095 176.49243551587304 0.0 0.0 '24/09/2021' '19:02:46' 
2376.191845178604 5.4 11.8 -67.15825688073393 262.6798115079365 0.0 0.0 '24/09/2021' '19:02:50' 
2379.676344871521 5.3 12.1 -30.291284403669728 -249.97178819444446 0.0 0.0 '24/09/2021' '19:02:54' 
2383.6554701328278 5.4 13.6 -48.34747706422018 -221.71595982142858 0.0 0.0 '24/09/2021' '19:02:58' 
2387.6553254127502 5.4 13.8 14.39105504587156 4.117683531746032 0.0 0.0 '24/09/2021' '19:03:01' 
2391.139719247818 5.4 13.6 46.407110091743114 245.07316468253967 0.0 0.0 '24/09/2021' '19:03:05' 
2395.1590423583984 5.5 13.8 -27.165137614678894 277.09170386904765 0.0 0.0 '24/09/2021' '19:03:09' 
2398.6327431201935 5.5 14.0 11.130160550458715 96.76556299603175 0.0 0.0 '24/09/2021' '19:03:12' 
2402.2033643722534 5.5 13.0 -11.803899082568806 301.51382688492066 0.0 0.0 '24/09/2021' '19:03:16' 
2405.62752699852 5.5 12.9 -43.927752293577974 345.67243303571433 0.0 0.0 '24/09/2021' '19:03:19' 
2409.1504991054535 5.5 12.5 65.94552752293576 501.7894345238095 0.0 0.0 '24/09/2021' '19:03:23' 
2412.6400995254517 5.5 12.6 1.509174311926604 -224.27176339285717 0.0 0.0 '24/09/2021' '19:03:26' 
2416.178333759308 5.5 12.5 -33.606077981651374 509.3148561507937 0.0 0.0 '24/09/2021' '19:03:30' 
2419.6184000968933 5.4 12.3 41.28669724770642 91.93793402777777 0.0 0.0 '24/09/2021' '19:03:33' 
2423.133575439453 5.6 12.9 54.006880733944946 -71.91747271825398 0.0 0.0 '24/09/2021' '19:03:37' 
2426.6071388721466 5.6 13.0 35.78899082568807 438.3913070436508 0.0 0.0 '24/09/2021' '19:03:40' 
2430.1376280784607 5.6 13.1 -79.2586009174312 389.2630828373016 0.0 0.0 '24/09/2021' '19:03:44' 
2433.6928610801697 5.7 14.1 0.6467889908256877 388.9791046626984 0.0 0.0 '24/09/2021' '19:03:47' 
2437.2029905319214 5.7 14.0 64.08600917431193 522.3068576388889 0.0 0.0 '24/09/2021' '19:03:51' 
2440.612384080887 5.8 17.1 -32.74369266055045 639.234871031746 0.0 0.0 '24/09/2021' '19:03:54' 
2443.6367671489716 6.0 17.0 67.34690366972477 681.1216517857143 0.0 0.0 '24/09/2021' '19:03:57' 
2447.13841176033 6.1 19.0 28.72821100917431 698.1603422619048 0.0 0.0 '24/09/2021' '19:04:01' 
2450.645533800125 6.2 18.4 11.480504587155961 643.6365327380952 0.0 0.0 '24/09/2021' '19:04:04' 
2454.098968267441 6.3 18.9 21.18233944954128 483.9698040674603 0.0 0.0 '24/09/2021' '19:04:08' 
2457.6673872470856 6.3 19.9 -66.8079128440367 545.4510788690476 0.0 0.0 '24/09/2021' '19:04:11' 
2461.2056946754456 6.4 19.9 43.146215596330265 122.82056051587301 0.0 0.0 '24/09/2021' '19:04:15' 
2464.6057965755463 6.5 19.6 -36.0315366972477 318.19754464285717 0.0 0.0 '24/09/2021' '19:04:18' 
2468.15553855896 6.6 19.6 -36.32798165137615 312.5179811507937 0.0 0.0 '24/09/2021' '19:04:22' 
2471.6130468845367 6.5 20.3 86.40022935779814 449.18247767857144 0.0 0.0 '24/09/2021' '19:04:25' 
2475.1336295604706 6.6 18.8 20.96674311926605 290.93563988095235 0.0 0.0 '24/09/2021' '19:04:29' 
2478.6271755695343 6.8 18.6 26.464449541284402 399.55729166666663 0.0 0.0 '24/09/2021' '19:04:32' 
2482.131144762039 6.8 18.8 50.66513761467889 411.484375 0.0 0.0 '24/09/2021' '19:04:36' 
2485.4697618484497 6.8 18.5 16.78956422018348 422.5595238095238 0.0 0.0 '24/09/2021' '19:04:39' 
2488.5185310840607 7.0 17.3 -38.403096330275226 148.37859623015873 0.0 0.0 '24/09/2021' '19:04:42' 
2491.5242097377777 7.1 17.8 41.09805045871559 389.54706101190476 0.0 0.0 '24/09/2021' '19:04:45' 
2494.5832946300507 7.2 18.7 9.055045871559631 271.0571676587302 0.0 0.0 '24/09/2021' '19:04:48' 
2497.620651960373 8.1 19.7 14.98394495412844 359.8003472222222 0.0 0.0 '24/09/2021' '19:04:52' 
2501.583112478256 8.8 20.1 45.86811926605505 185.5797371031746 0.0 0.0 '24/09/2021' '19:04:55' 
2504.5858488082886 9.0 20.4 23.25745412844036 328.7757316468254 0.0 0.0 '24/09/2021' '19:04:58' 
2507.614051103592 10.4 21.8 70.5538990825688 327.00086805555554 0.0 0.0 '24/09/2021' '19:05:01' 
2511.1603372097015 11.8 23.2 15.549885321100914 325.72296626984127 0.0 0.0 '24/09/2021' '19:05:05' 
2514.571135997772 13.3 24.6 19.08027522935779 228.67342509920636 0.0 0.0 '24/09/2021' '19:05:08' 
2517.624225616455 14.2 26.0 -10.59116972477064 285.82403273809524 0.0 0.0 '24/09/2021' '19:05:11' 
2521.1372759342194 14.7 26.3 69.098623853211 300.6618923611111 0.0 0.0 '24/09/2021' '19:05:15' 
2524.612128973007 14.9 26.6 -43.71215596330274 168.04408482142858 0.0 0.0 '24/09/2021' '19:05:18' 
2528.1639397144318 15.2 26.6 -25.790711009174313 285.895027281746 0.0 0.0 '24/09/2021' '19:05:23' 
2532.602014064789 15.3 26.6 12.07339449541284 136.238529265873 0.0 0.0 '24/09/2021' '19:05:26' 
2535.610073328018 15.4 26.8 50.53038990825688 236.83779761904762 0.0 0.0 '24/09/2021' '19:05:29' 
2539.088361263275 15.5 26.5 -9.809633027522935 119.98077876984128 0.0 0.0 '24/09/2021' '19:05:32' 
2542.112028360367 15.6 23.6 75.27006880733946 -15.902777777777779 0.0 0.0 '24/09/2021' '19:05:35' 
2545.098349571228 15.5 23.3 -53.11754587155963 -133.61173115079364 0.0 0.0 '24/09/2021' '19:05:38' 
2548.0774354934692 15.5 21.4 -52.632454128440365 103.08407738095238 0.0 0.0 '24/09/2021' '19:05:41' 
2551.116490125656 15.5 21.5 24.712729357798164 291.43260168650795 0.0 0.0 '24/09/2021' '19:05:45' 
2554.5518736839294 15.5 21.2 19.807912844036696 -11.217137896825397 0.0 0.0 '24/09/2021' '19:05:48' 
2557.638897895813 15.5 19.8 -34.11811926605505 164.3523685515873 0.0 0.0 '24/09/2021' '19:05:51' 
2561.141008615494 15.6 19.8 22.179472477064216 251.32068452380952 0.0 0.0 '24/09/2021' '19:05:55' 
2564.6540880203247 15.5 19.7 40.26261467889907 241.5234375 0.0 0.0 '24/09/2021' '19:05:58' 
2568.1305191516876 15.5 19.4 52.06651376146788 288.9477926587302 0.0 0.0 '24/09/2021' '19:06:02' 
2571.6054508686066 15.6 18.8 17.894495412844037 337.863033234127 0.0 0.0 '24/09/2021' '19:06:05' 
2575.122550010681 15.6 18.6 49.9375 65.74094742063492 0.0 0.0 '24/09/2021' '19:06:09' 
2578.6263420581818 15.5 18.4 -46.919151376146786 307.6903521825397 0.0 0.0 '24/09/2021' '19:06:12' 
2582.109966993332 15.6 18.6 32.043004587155956 264.4546750992063 0.0 0.0 '24/09/2021' '19:06:15' 
2585.1070001125336 15.6 19.4 60.232224770642205 339.5669022817461 0.0 0.0 '24/09/2021' '19:06:18' 
2588.1192529201508 15.5 19.2 21.93692660550458 21.866319444444443 0.0 0.0 '24/09/2021' '19:06:22' 
2591.546790122986 15.4 19.4 29.375 283.48121279761904 0.0 0.0 '24/09/2021' '19:06:25' 
2594.7084605693817 15.4 18.3 3.772935779816513 221.5029761904762 0.0 0.0 '24/09/2021' '19:06:28' 
2598.106942653656 14.5 18.3 -11.776949541284404 284.4751364087302 0.0 0.0 '24/09/2021' '19:06:31' 
2601.1126935482025 13.9 17.8 55.1657110091743 279.00855654761904 0.0 0.0 '24/09/2021' '19:06:34' 
2604.1071577072144 13.7 17.7 11.45355504587156 288.4508308531746 0.0 0.0 '24/09/2021' '19:06:37' 
2607.186332464218 12.4 17.2 -2.8566513761467895 280.21546378968253 0.0 0.0 '24/09/2021' '19:06:41' 
2610.589380502701 11.0 16.0 33.20183486238532 283.9071800595238 0.0 0.0 '24/09/2021' '19:06:44' 
2614.1059329509735 9.6 14.9 -64.81364678899082 301.15885416666663 0.0 0.0 '24/09/2021' '19:06:48' 
2617.65066242218 8.8 13.5 27.973623853211002 302.8627232142857 0.0 0.0 '24/09/2021' '19:06:51' 
2621.1354999542236 8.3 13.1 -44.70928899082568 282.9132564484127 0.0 0.0 '24/09/2021' '19:06:55' 
2624.6870033740997 8.1 12.4 42.310779816513765 219.0181671626984 0.0 0.0 '24/09/2021' '19:06:58' 
2628.1151399612427 7.8 12.0 -26.922591743119266 -24.138144841269842 0.0 0.0 '24/09/2021' '19:07:02' 
2631.655971765518 7.7 11.9 80.33658256880733 -25.91300843253968 0.0 0.0 '24/09/2021' '19:07:05' 
2635.1634364128113 7.5 10.7 53.33314220183485 239.2516121031746 0.0 0.0 '24/09/2021' '19:07:09' 
2638.6817371845245 7.4 10.4 -65.08314220183486 141.56312003968253 0.0 0.0 '24/09/2021' '19:07:12' 
2642.1481757164 7.2 10.3 -82.35779816513762 262.82180059523813 0.0 0.0 '24/09/2021' '19:07:16' 
2645.677639722824 7.1 10.1 13.420871559633023 250.18477182539684 0.0 0.0 '24/09/2021' '19:07:19' 
2649.121669769287 6.9 10.0 -27.86582568807339 234.63696676587304 0.0 0.0 '24/09/2021' '19:07:23' 
2652.6449086666107 6.9 9.6 -33.71387614678899 249.19084821428572 0.0 0.0 '24/09/2021' '19:07:26' 
2656.1679944992065 6.9 9.5 50.74598623853211 272.05109126984127 0.0 0.0 '24/09/2021' '19:07:30' 
2659.631021261215 6.9 9.4 -13.771215596330276 133.82471478174602 0.0 0.0 '24/09/2021' '19:07:33' 
2663.1067798137665 6.6 9.3 43.22706422018348 252.6695808531746 0.0 0.0 '24/09/2021' '19:07:36' 
2666.1352841854095 6.7 9.3 58.803899082568805 269.8502604166667 0.0 0.0 '24/09/2021' '19:07:40' 
2669.580179452896 6.7 9.4 48.482224770642205 -496.89081101190476 0.0 0.0 '24/09/2021' '19:07:43' 
2673.1450028419495 6.7 10.0 33.44438073394495 219.0181671626984 0.0 0.0 '24/09/2021' '19:07:47' 
2676.6067957878113 6.6 10.0 -15.172591743119266 213.26760912698413 0.0 0.0 '24/09/2021' '19:07:50' 
2680.157082796097 6.5 10.0 -81.11811926605505 53.60088045634921 0.0 0.0 '24/09/2021' '19:07:54' 
2683.667345762253 6.4 9.6 -69.28727064220183 291.0066344246032 0.0 0.0 '24/09/2021' '19:07:57' 
2687.082555294037 6.3 8.8 -57.402522935779814 206.45213293650792 0.0 0.0 '24/09/2021' '19:08:00' 
2690.090208530426 6.4 8.8 22.74541284403669 203.6123511904762 0.0 0.0 '24/09/2021' '19:08:03' 
2693.1090803146362 6.3 8.1 41.69094036697248 185.86371527777777 0.0 0.0 '24/09/2021' '19:08:06' 
2696.118134498596 6.2 8.0 26.03325688073394 237.05078125 0.0 0.0 '24/09/2021' '19:08:10' 
2700.131217479706 6.1 6.8 39.45412844036697 276.949714781746 0.0 0.0 '24/09/2021' '19:08:14' 
2703.6151099205017 6.1 6.8 42.84977064220183 194.02808779761907 0.0 0.0 '24/09/2021' '19:08:17' 
2707.146508216858 6.0 6.7 49.39850917431192 227.75049603174602 0.0 0.0 '24/09/2021' '19:08:21' 
2710.5940554142 5.9 6.5 52.605504587155956 283.41021825396825 0.0 0.0 '24/09/2021' '19:08:24' 
2714.1068596839905 5.8 6.4 10.698967889908253 262.6088169642857 0.0 0.0 '24/09/2021' '19:08:27' 
2717.1125271320343 5.8 6.4 -64.27465596330275 202.2634548611111 0.0 0.0 '24/09/2021' '19:08:30' 
2720.105458498001 5.8 6.4 40.74770642201835 264.66765873015873 0.0 0.0 '24/09/2021' '19:08:33' 
2723.1130797863007 5.7 6.3 -72.44036697247705 71.27852182539682 0.0 0.0 '24/09/2021' '19:08:37' 
2726.6390500068665 5.7 6.3 39.04988532110091 171.38082837301587 0.0 0.0 '24/09/2021' '19:08:40' 
2730.1737666130066 5.7 6.3 26.868692660550455 257.99417162698415 0.0 0.0 '24/09/2021' '19:08:44' 
2733.6729271411896 5.7 6.3 9.836582568807339 214.2615327380952 0.0 0.0 '24/09/2021' '19:08:47' 
2737.1828186511993 5.7 6.3 70.20355504587155 -104.50396825396825 0.0 0.0 '24/09/2021' '19:08:51' 
2740.6192302703857 5.7 6.5 -68.37098623853211 -480.49107142857144 0.0 0.0 '24/09/2021' '19:08:54' 
2744.16433262825 5.7 6.6 29.86009174311926 174.43359375 0.0 0.0 '24/09/2021' '19:08:58' 
2747.6624743938446 5.6 6.5 29.213302752293576 188.34852430555554 0.0 0.0 '24/09/2021' '19:09:01' 
2751.137167930603 5.6 6.6 9.809633027522933 263.67373511904765 0.0 0.0 '24/09/2021' '19:09:05' 
2754.6438598632812 5.6 6.6 0.0 245.9250992063492 0.0 0.0 '24/09/2021' '19:09:08' 
2758.149686574936 5.5 6.7 30.506880733944953 83.9155505952381 0.0 0.0 '24/09/2021' '19:09:12' 
2761.590505838394 5.5 7.7 46.00286697247706 221.71595982142858 0.0 0.0 '24/09/2021' '19:09:15' 
2764.5921437740326 5.6 9.0 52.71330275229358 261.11793154761904 0.0 0.0 '24/09/2021' '19:09:18' 
2767.599060535431 5.6 9.1 9.378440366972471 240.81349206349205 0.0 0.0 '24/09/2021' '19:09:21' 
2771.14484000206 5.6 10.0 9.647935779816512 180.96509176587304 0.0 0.0 '24/09/2021' '19:09:25' 
2774.6056501865387 5.6 10.2 58.88474770642202 244.43421378968256 0.0 0.0 '24/09/2021' '19:09:28' 
2778.125342607498 5.6 10.6 -5.36295871559633 275.95579117063494 0.0 0.0 '24/09/2021' '19:09:32' 
2781.667109966278 5.6 10.5 -48.18577981651376 240.3875248015873 0.0 0.0 '24/09/2021' '19:09:35' 
2785.120712518692 5.7 10.8 40.720756880733944 285.82403273809524 0.0 0.0 '24/09/2021' '19:09:38' 
2788.0948343276978 5.7 10.8 -46.67660550458715 168.39905753968256 0.0 0.0 '24/09/2021' '19:09:41' 
2791.1076850891113 5.6 10.9 22.853211009174306 239.3936011904762 0.0 0.0 '24/09/2021' '19:09:44' 
2794.127881526947 5.7 11.2 42.79587155963302 194.5250496031746 0.0 0.0 '24/09/2021' '19:09:48' 
2797.630541086197 5.7 11.3 23.985091743119266 271.5541294642857 0.0 0.0 '24/09/2021' '19:09:51' 
2801.111013650894 5.8 12.3 -11.642201834862385 256.85825892857144 0.0 0.0 '24/09/2021' '19:09:55' 
2804.6058740615845 5.8 12.3 37.40596330275229 108.5506572420635 0.0 0.0 '24/09/2021' '19:09:58' 
2808.1521582603455 5.9 12.3 26.4375 -173.15569196428572 0.0 0.0 '24/09/2021' '19:10:02' 
2811.6432621479034 5.9 12.3 11.291857798165138 186.7866443452381 0.0 0.0 '24/09/2021' '19:10:05' 
2815.0758872032166 5.9 12.0 -10.752866972477063 224.7687251984127 0.0 0.0 '24/09/2021' '19:10:08' 
2818.1940627098083 5.8 11.7 -53.252293577981646 240.17454117063494 0.0 0.0 '24/09/2021' '19:10:12' 
2821.6405787467957 5.8 12.4 -66.161123853211 242.23338293650792 0.0 0.0 '24/09/2021' '19:10:15' 
2825.157824754715 5.9 12.3 10.995412844036695 179.68718998015873 0.0 0.0 '24/09/2021' '19:10:19' 
2829.156603574753 5.8 12.2 21.721330275229356 162.3645213293651 0.0 0.0 '24/09/2021' '19:10:23' 
2832.636029481888 5.8 12.7 35.896788990825684 281.13839285714283 0.0 0.0 '24/09/2021' '19:10:26' 
2836.129287481308 5.8 12.9 -28.054472477064216 158.7437996031746 0.0 0.0 '24/09/2021' '19:10:30' 
2839.6039621829987 5.8 12.7 -47.51204128440367 188.34852430555554 0.0 0.0 '24/09/2021' '19:10:33' 
2843.1018679142 5.7 12.8 13.232224770642201 267.5074404761905 0.0 0.0 '24/09/2021' '19:10:36' 
2846.0944452285767 5.7 12.9 41.20584862385321 -276.1687748015873 0.0 0.0 '24/09/2021' '19:10:40' 
2849.660474061966 5.7 13.7 9.189793577981648 164.99131944444446 0.0 0.0 '24/09/2021' '19:10:43' 
2853.1374452114105 5.7 13.8 -26.275802752293576 144.2609126984127 0.0 0.0 '24/09/2021' '19:10:47' 
2856.734730243683 5.7 13.8 17.247706422018346 317.2036210317461 0.0 0.0 '24/09/2021' '19:10:51' 
2860.658403158188 5.7 13.7 -13.825114678899082 285.9660218253968 0.0 0.0 '24/09/2021' '19:10:54' 
2864.1426708698273 5.7 12.8 39.40022935779816 290.1546999007937 0.0 0.0 '24/09/2021' '19:10:58' 
2867.688441514969 5.8 11.5 -27.299885321100916 248.76488095238096 0.0 0.0 '24/09/2021' '19:11:01' 
2871.171465396881 5.8 11.4 19.888761467889903 205.95517113095238 0.0 0.0 '24/09/2021' '19:11:05' 
2874.6451110839844 5.8 10.5 2.668004587155961 233.43005952380952 0.0 0.0 '24/09/2021' '19:11:08' 
2878.195505619049 5.7 9.4 -37.13646788990826 277.3046875 0.0 0.0 '24/09/2021' '19:11:12' 
2881.666843175888 5.6 9.9 77.26433486238533 186.36067708333331 0.0 0.0 '24/09/2021' '19:11:15' 
2885.183522939682 5.6 9.8 -4.77006880733945 115.50812251984128 0.0 0.0 '24/09/2021' '19:11:19' 
2888.630251646042 5.6 9.8 1.9942660550458693 -18.742559523809526 0.0 0.0 '24/09/2021' '19:11:22' 
2892.148248195648 5.5 9.8 13.959862385321095 236.0568576388889 0.0 0.0 '24/09/2021' '19:11:26' 
2895.6368663311005 5.5 10.1 -63.169724770642205 97.2625248015873 0.0 0.0 '24/09/2021' '19:11:29' 
2899.0994741916656 5.5 9.7 12.28899082568807 231.4422123015873 0.0 0.0 '24/09/2021' '19:11:32' 
2902.1637840270996 5.5 9.8 -58.26490825688073 237.76072668650792 0.0 0.0 '24/09/2021' '19:11:36' 
2905.5897133350372 5.4 8.9 39.18463302752293 233.35906498015873 0.0 0.0 '24/09/2021' '19:11:39' 
2908.6604297161102 5.4 8.9 35.600344036697244 121.40066964285714 0.0 0.0 '24/09/2021' '19:11:42' 
2912.1575014591217 5.4 8.9 59.88188073394495 246.70603918650792 0.0 0.0 '24/09/2021' '19:11:46' 
2915.5744223594666 5.4 9.0 36.75917431192659 261.40190972222223 0.0 0.0 '24/09/2021' '19:11:49' 
2918.6494596004486 5.5 9.0 6.413990825688068 224.41375248015873 0.0 0.0 '24/09/2021' '19:11:52' 
2922.17027926445 5.5 9.0 -59.28899082568807 173.58165922619048 0.0 0.0 '24/09/2021' '19:11:56' 
2925.607006072998 5.5 8.6 20.993692660550458 210.71180555555554 0.0 0.0 '24/09/2021' '19:11:59' 
2929.135176420212 5.5 9.4 58.23795871559632 -12.708023313492065 0.0 0.0 '24/09/2021' '19:12:03' 
2933.1623661518097 5.5 9.5 -17.544151376146786 93.92578125 0.0 0.0 '24/09/2021' '19:12:07' 
2936.6038208007812 5.5 9.0 57.05217889908256 201.5535094246032 0.0 0.0 '24/09/2021' '19:12:10' 
2940.1808943748474 5.5 9.8 33.20183486238532 196.29991319444446 0.0 0.0 '24/09/2021' '19:12:14' 
2943.628962993622 5.6 9.8 46.67660550458715 190.76233878968256 0.0 0.0 '24/09/2021' '19:12:17' 
2947.1687042713165 5.5 9.0 44.8440366972477 234.35298859126985 0.0 0.0 '24/09/2021' '19:12:21' 
2950.634822368622 5.5 9.1 8.138761467889909 276.949714781746 0.0 0.0 '24/09/2021' '19:12:24' 
2954.1275205612183 5.5 8.3 3.74598623853211 69.36166914682539 0.0 0.0 '24/09/2021' '19:12:28' 
2957.668377161026 5.5 9.2 26.410550458715598 207.37506200396825 0.0 0.0 '24/09/2021' '19:12:31' 
2961.1133105754852 5.5 9.7 23.041857798165136 245.28614831349205 0.0 0.0 '24/09/2021' '19:12:35' 
2964.685255765915 5.5 9.5 4.931766055045871 259.84002976190476 0.0 0.0 '24/09/2021' '19:12:38' 
2968.1326422691345 5.5 9.5 -35.788990825688074 -382.80257936507934 0.0 0.0 '24/09/2021' '19:12:42' 
2971.6958067417145 5.4 9.4 -9.24369266055046 197.36483134920636 0.0 0.0 '24/09/2021' '19:12:45' 
2975.2112374305725 5.3 10.0 3.4764908256880727 -202.6184275793651 0.0 0.0 '24/09/2021' '19:12:49' 
2978.6620333194733 5.3 10.2 78.18061926605503 59.77740575396826 0.0 0.0 '24/09/2021' '19:12:52' 
2982.2640278339386 5.3 10.2 20.05045871559633 134.1086929563492 0.0 0.0 '24/09/2021' '19:12:56' 
2985.650750398636 5.3 9.8 -60.42087155963302 309.32322668650795 0.0 0.0 '24/09/2021' '19:12:59' 
2989.2462725639343 5.4 9.9 0.40424311926605505 214.40352182539684 0.0 0.0 '24/09/2021' '19:13:03' 
2992.6618411540985 5.3 9.7 -22.26032110091743 211.3507564484127 0.0 0.0 '24/09/2021' '19:13:07' 
2996.5213520526886 5.3 10.0 -79.09690366972477 253.02455357142858 0.0 0.0 '24/09/2021' '19:13:10' 
2999.5100326538086 5.3 11.3 -21.10149082568807 272.33506944444446 0.0 0.0 '24/09/2021' '19:13:13' 
3002.535365343094 5.3 11.7 -2.775802752293577 254.30245535714286 0.0 0.0 '24/09/2021' '19:13:16' 
3005.537695169449 5.3 11.5 44.33199541284403 258.1361607142857 0.0 0.0 '24/09/2021' '19:13:19' 
3008.6478476524353 5.3 11.7 1.5900229357798141 96.1266121031746 0.0 0.0 '24/09/2021' '19:13:22' 
3012.159487724304 5.3 11.9 48.61697247706421 242.23338293650792 0.0 0.0 '24/09/2021' '19:13:26' 
3015.604914188385 5.2 11.9 -42.20298165137614 193.88609871031744 0.0 0.0 '24/09/2021' '19:13:29' 
3019.065764427185 5.1 11.9 51.74311926605505 178.9772445436508 0.0 0.0 '24/09/2021' '19:13:32' 
3022.1819171905518 5.1 12.5 -89.98451834862384 267.2234623015873 0.0 0.0 '24/09/2021' '19:13:36' 
3025.6512644290924 5.1 12.5 33.579128440366965 201.3405257936508 0.0 0.0 '24/09/2021' '19:13:39' 
3029.161192178726 5.1 13.0 29.833142201834857 184.79879712301587 0.0 0.0 '24/09/2021' '19:13:43' 
3033.1629769802094 5.1 12.8 -5.147362385321102 -379.6078249007937 0.0 0.0 '24/09/2021' '19:13:47' 
3036.615734100342 5.1 12.6 9.809633027522937 144.40290178571428 0.0 0.0 '24/09/2021' '19:13:50' 
3040.0916106700897 5.1 12.8 -20.72419724770642 129.35205853174602 0.0 0.0 '24/09/2021' '19:13:53' 
3043.11509680748 5.0 11.7 -43.41571100917431 250.89471726190476 0.0 0.0 '24/09/2021' '19:13:57' 
3046.616082429886 5.0 12.7 28.162270642201836 260.97594246031747 0.0 0.0 '24/09/2021' '19:14:00' 
3050.165385246277 5.1 13.1 19.807912844036696 237.54774305555554 0.0 0.0 '24/09/2021' '19:14:04' 
3053.659779548645 5.0 12.9 57.80676605504587 240.3165302579365 0.0 0.0 '24/09/2021' '19:14:07' 
3057.165486097336 5.0 12.9 -10.833715596330276 158.956783234127 0.0 0.0 '24/09/2021' '19:14:11' 
3060.614182949066 4.9 12.5 -19.780963302752294 242.6593501984127 0.0 0.0 '24/09/2021' '19:14:14' 
3064.188544511795 4.9 12.2 2.748853211009173 176.42144097222223 0.0 0.0 '24/09/2021' '19:14:18' 
3067.620679616928 4.9 12.4 -21.370986238532108 204.10931299603175 0.0 0.0 '24/09/2021' '19:14:21' 
3071.1127264499664 4.8 12.5 8.462155963302749 -378.61390128968253 0.0 0.0 '24/09/2021' '19:14:25' 
3074.5945253372192 4.9 12.6 38.78038990825687 112.31336805555556 0.0 0.0 '24/09/2021' '19:14:28' 
3078.1746730804443 4.9 12.0 4.689220183486236 10.294208829365079 0.0 0.0 '24/09/2021' '19:14:32' 
3081.6737155914307 4.9 11.8 59.235091743119256 189.48443700396825 0.0 0.0 '24/09/2021' '19:14:35' 
3085.1474084854126 4.9 11.9 -40.69380733944954 159.31175595238096 0.0 0.0 '24/09/2021' '19:14:39' 
3088.7099182605743 4.9 11.5 54.57282110091743 171.66480654761907 0.0 0.0 '24/09/2021' '19:14:42' 
3092.2043397426605 4.9 12.2 34.09116972477064 204.25130208333331 0.0 0.0 '24/09/2021' '19:14:46' 
3096.21377491951 4.9 12.1 -25.25172018348624 244.9311755952381 0.0 0.0 '24/09/2021' '19:14:50' 
3099.6919870376587 4.9 11.8 -6.737385321100917 223.9167906746032 0.0 0.0 '24/09/2021' '19:14:53' 
3103.1840212345123 4.9 10.4 -55.677752293577974 -134.46366567460316 0.0 0.0 '24/09/2021' '19:14:57' 
3106.6893503665924 4.9 9.9 70.60779816513761 201.48251488095238 0.0 0.0 '24/09/2021' '19:15:00' 
3110.148003101349 4.8 10.7 35.73509174311926 160.37667410714286 0.0 0.0 '24/09/2021' '19:15:04' 
3113.5590126514435 4.9 10.8 -91.11639908256879 -23.996155753968253 0.0 0.0 '24/09/2021' '19:15:07' 
3116.645877122879 4.9 10.6 75.00057339449542 255.0124007936508 0.0 0.0 '24/09/2021' '19:15:10' 
3120.1386003494263 4.9 10.7 5.5785550458715605 192.82118055555554 0.0 0.0 '24/09/2021' '19:15:14' 
3123.4953269958496 4.9 10.7 62.79243119266055 212.84164186507937 0.0 0.0 '24/09/2021' '19:15:17' 
3126.543529510498 4.9 10.0 -42.526376146788984 230.3062996031746 0.0 0.0 '24/09/2021' '19:15:20' 
3129.6786363124847 5.0 10.1 45.11353211009173 237.05078125 0.0 0.0 '24/09/2021' '19:15:23' 
3133.1554882526398 5.0 10.2 41.8526376146789 212.5576636904762 0.0 0.0 '24/09/2021' '19:15:27' 
3136.6262698173523 5.0 9.6 -21.236238532110093 257.42621527777777 0.0 0.0 '24/09/2021' '19:15:30' 
3140.169111251831 5.0 10.4 -21.344036697247706 291.7875744047619 0.0 0.0 '24/09/2021' '19:15:34' 
3143.6244599819183 5.0 10.7 -10.079128440366972 152.49627976190476 0.0 0.0 '24/09/2021' '19:15:37' 
3147.143163919449 5.0 10.8 -39.75057339449541 242.23338293650792 0.0 0.0 '24/09/2021' '19:15:41' 
                                                                                                  