'time_elapsed' 'pm25 [ug]/m3' 'pm10 [ug]/m3' 'NO2  [ug/m3] ' 'CO  [ug/m3] ' '/' '/' 'data' 'ora' 
1.4781951904296875e-05 17.1 21.6 -80.25573394495412 383.01556299603175 0.0 0.0 '24/09/2021' '16:54:24' 
5.582042217254639 17.1 21.7 39.858371559633014 380.45975942460313 0.0 0.0 '24/09/2021' '16:54:30' 
9.043108463287354 17.1 22.7 -5.767201834862386 41.318824404761905 0.0 0.0 '24/09/2021' '16:54:33' 
12.019703388214111 17.2 21.7 2.4793577981651382 296.1182415674603 0.0 0.0 '24/09/2021' '16:54:36' 
15.202857255935669 17.2 21.9 -36.543577981651374 353.76581101190476 0.0 0.0 '24/09/2021' '16:54:40' 
18.529546976089478 17.1 21.5 -52.039564220183486 264.9516369047619 0.0 0.0 '24/09/2021' '16:54:44' 
22.546746015548706 16.9 21.5 54.977064220183486 291.0066344246032 0.0 0.0 '24/09/2021' '16:54:47' 
25.98894953727722 16.9 21.4 -85.2144495412844 364.4859871031746 0.0 0.0 '24/09/2021' '16:54:50' 
29.0305392742157 16.9 21.4 -65.51433486238533 349.7191220238095 0.0 0.0 '24/09/2021' '16:54:54' 
33.00878715515137 16.8 22.0 -57.564220183486235 367.8937251984127 0.0 0.0 '24/09/2021' '16:54:57' 
36.9017858505249 16.7 22.6 -29.401949541284402 390.82496279761904 0.0 0.0 '24/09/2021' '16:55:01' 
40.0212824344635 16.8 22.6 -43.76605504587155 318.19754464285717 0.0 0.0 '24/09/2021' '16:55:04' 
43.13456344604492 16.8 23.4 -0.7006880733944977 361.57521081349205 0.0 0.0 '24/09/2021' '16:55:08' 
46.439886808395386 16.8 23.3 -68.3440366972477 263.17677331349205 0.0 0.0 '24/09/2021' '16:55:11' 
49.489449977874756 16.9 22.8 -45.248279816513765 348.5122147817461 0.0 0.0 '24/09/2021' '16:55:14' 
52.51949143409729 16.9 22.8 34.22591743119266 17.74863591269841 0.0 0.0 '24/09/2021' '16:55:17' 
56.03370499610901 16.9 22.8 -89.01433486238531 276.31076388888886 0.0 0.0 '24/09/2021' '16:55:20' 
58.9566535949707 16.7 21.9 -53.14449541284403 346.31138392857144 0.0 0.0 '24/09/2021' '16:55:23' 
62.03164720535278 16.7 22.3 -104.64506880733943 368.24869791666663 0.0 0.0 '24/09/2021' '16:55:26' 
64.95883631706238 16.6 22.5 -35.68119266055046 343.61359126984127 0.0 0.0 '24/09/2021' '16:55:29' 
67.99018025398254 16.8 23.2 -72.03612385321098 345.2464657738095 0.0 0.0 '24/09/2021' '16:55:32' 
71.02305746078491 16.7 22.2 -6.791284403669729 374.99317956349205 0.0 0.0 '24/09/2021' '16:55:35' 
73.98044538497925 16.8 22.5 -33.8216743119266 334.2423115079365 0.0 0.0 '24/09/2021' '16:55:38' 
77.05856442451477 16.9 21.8 -8.462155963302754 351.49398561507934 0.0 0.0 '24/09/2021' '16:55:42' 
80.58557152748108 16.9 21.8 -88.25974770642202 323.87710813492066 0.0 0.0 '24/09/2021' '16:55:45' 
84.13414931297302 17.1 22.1 -112.72993119266053 63.32713293650794 0.0 0.0 '24/09/2021' '16:55:49' 
87.72366547584534 16.9 21.4 -51.77006880733944 196.8678695436508 0.0 0.0 '24/09/2021' '16:55:52' 
91.71030330657959 17.0 21.8 -17.705848623853214 297.609126984127 0.0 0.0 '24/09/2021' '16:55:56' 
94.97671341896057 17.2 21.7 -78.04587155963303 306.6254340277778 0.0 0.0 '24/09/2021' '16:55:59' 
98.01203751564026 17.3 21.8 16.196674311926603 323.0251736111111 0.0 0.0 '24/09/2021' '16:56:03' 
102.09983491897583 17.4 21.7 -81.01032110091744 306.69642857142856 0.0 0.0 '24/09/2021' '16:56:07' 
105.50885581970215 17.5 21.9 -18.56823394495413 331.5445188492064 0.0 0.0 '24/09/2021' '16:56:10' 
108.48701763153076 17.5 21.4 -79.28555045871558 204.89025297619048 0.0 0.0 '24/09/2021' '16:56:13' 
111.52297163009644 17.4 21.3 9.189793577981648 383.7965029761904 0.0 0.0 '24/09/2021' '16:56:16' 
115.00844597816467 17.4 21.3 19.34977064220183 307.6903521825397 0.0 0.0 '24/09/2021' '16:56:20' 
118.55700969696045 17.5 21.4 -10.240825688073395 405.30784970238096 0.0 0.0 '24/09/2021' '16:56:23' 
122.0767240524292 17.7 21.5 4.04243119266055 367.7517361111111 0.0 0.0 '24/09/2021' '16:56:27' 
125.51112031936646 17.8 21.6 -73.03325688073394 373.85726686507934 0.0 0.0 '24/09/2021' '16:56:30' 
128.5029833316803 17.8 21.8 -100.62958715596329 268.50136408730157 0.0 0.0 '24/09/2021' '16:56:33' 
131.54432344436646 17.9 22.6 -22.31422018348624 420.6426711309524 0.0 0.0 '24/09/2021' '16:56:36' 
135.02003574371338 17.9 21.9 8.758600917431192 408.43160962301585 0.0 0.0 '24/09/2021' '16:56:40' 
138.57023668289185 17.9 21.5 14.148509174311926 199.42367311507937 0.0 0.0 '24/09/2021' '16:56:43' 
142.0768051147461 17.9 20.7 -38.59174311926605 361.22023809523813 0.0 0.0 '24/09/2021' '16:56:47' 
145.5332338809967 18.0 21.1 -23.203555045871557 395.51060267857144 0.0 0.0 '24/09/2021' '16:56:50' 
149.19995832443237 18.1 21.3 -49.829701834862384 230.2353050595238 0.0 0.0 '24/09/2021' '16:56:54' 
152.56911492347717 18.0 21.2 -8.0848623853211 241.23945932539684 0.0 0.0 '24/09/2021' '16:56:58' 
156.5690701007843 18.1 21.4 -70.31135321100916 266.0165550595238 0.0 0.0 '24/09/2021' '16:57:01' 
160.119637966156 18.2 21.6 -27.111238532110086 368.24869791666663 0.0 0.0 '24/09/2021' '16:57:05' 
163.60981512069702 18.1 21.0 -38.67259174311926 367.8227306547619 0.0 0.0 '24/09/2021' '16:57:08' 
167.12339544296265 18.3 21.2 10.348623853211008 316.2806919642857 0.0 0.0 '24/09/2021' '16:57:12' 
170.60059309005737 18.2 20.5 13.124426605504583 378.1879340277778 0.0 0.0 '24/09/2021' '16:57:15' 
174.05633974075317 18.1 20.7 63.52006880733944 389.54706101190476 0.0 0.0 '24/09/2021' '16:57:19' 
177.63056635856628 18.1 20.7 11.345756880733942 331.8994915674603 0.0 0.0 '24/09/2021' '16:57:22' 
181.1169421672821 17.9 20.5 -13.124426605504587 200.4885912698413 0.0 0.0 '24/09/2021' '16:57:26' 
184.51216077804565 18.0 20.8 -4.473623853211007 332.53844246031747 0.0 0.0 '24/09/2021' '16:57:29' 
187.622243642807 17.8 20.6 3.3147935779816464 309.11024305555554 0.0 0.0 '24/09/2021' '16:57:33' 
191.57273983955383 17.8 21.2 -7.060779816513765 341.41276041666663 0.0 0.0 '24/09/2021' '16:57:36' 
195.06915950775146 17.7 21.0 -52.443807339449535 333.6743551587302 0.0 0.0 '24/09/2021' '16:57:40' 
198.62023401260376 17.7 20.9 -18.72993119266055 314.2218501984127 0.0 0.0 '24/09/2021' '16:57:43' 
202.16285228729248 17.6 20.6 -1.1318807339449588 346.808345734127 0.0 0.0 '24/09/2021' '16:57:47' 
205.58689904212952 17.6 20.6 24.065940366972473 349.0091765873016 0.0 0.0 '24/09/2021' '16:57:50' 
209.05698919296265 17.5 20.5 -44.22419724770642 276.4527529761905 0.0 0.0 '24/09/2021' '16:57:54' 
212.6160774230957 17.6 20.3 35.923738532110086 342.6196676587302 0.0 0.0 '24/09/2021' '16:57:57' 
216.0554530620575 17.7 20.3 -14.930045871559635 358.8774181547619 0.0 0.0 '24/09/2021' '16:58:01' 
219.68662190437317 17.7 20.2 23.446100917431192 318.19754464285717 0.0 0.0 '24/09/2021' '16:58:04' 
223.15103912353516 17.7 20.2 -20.616399082568808 314.4348338293651 0.0 0.0 '24/09/2021' '16:58:08' 
226.63162970542908 17.7 20.2 2.775802752293577 318.19754464285717 0.0 0.0 '24/09/2021' '16:58:11' 
230.1911153793335 17.6 20.3 23.25745412844036 168.9670138888889 0.0 0.0 '24/09/2021' '16:58:15' 
233.62058544158936 17.6 20.6 94.64678899082567 372.50837053571433 0.0 0.0 '24/09/2021' '16:58:18' 
237.09339785575867 17.6 19.7 37.5407110091743 320.7533482142857 0.0 0.0 '24/09/2021' '16:58:22' 
240.5930688381195 17.5 19.7 -51.17717889908257 355.18570188492066 0.0 0.0 '24/09/2021' '16:58:25' 
244.1036298274994 17.5 20.3 2.9375000000000013 365.6218998015873 0.0 0.0 '24/09/2021' '16:58:29' 
247.57403111457825 17.5 21.3 -11.23795871559633 347.6602802579365 0.0 0.0 '24/09/2021' '16:58:32' 
251.1671679019928 17.4 21.1 -37.51376146788991 293.136470734127 0.0 0.0 '24/09/2021' '16:58:36' 
254.6120948791504 17.5 21.0 -73.03325688073394 329.05970982142856 0.0 0.0 '24/09/2021' '16:58:39' 
258.08441257476807 17.4 21.1 -53.46788990825688 193.5311259920635 0.0 0.0 '24/09/2021' '16:58:43' 
261.57728362083435 17.4 22.3 -1.1588302752293607 310.8851066468254 0.0 0.0 '24/09/2021' '16:58:46' 
265.09392738342285 17.4 23.5 -86.0229357798165 166.19822668650792 0.0 0.0 '24/09/2021' '16:58:50' 
268.57502269744873 17.5 23.7 -66.70011467889908 284.4041418650794 0.0 0.0 '24/09/2021' '16:58:53' 
272.143737077713 17.3 24.3 -11.96559633027523 250.68173363095238 0.0 0.0 '24/09/2021' '16:58:57' 
275.5044934749603 17.1 23.9 -40.77465596330275 295.47929067460313 0.0 0.0 '24/09/2021' '16:59:00' 
279.11852169036865 17.2 23.8 -46.757454128440365 314.2928447420635 0.0 0.0 '24/09/2021' '16:59:04' 
282.4473569393158 17.2 23.8 -65.02924311926606 296.2602306547619 0.0 0.0 '24/09/2021' '16:59:07' 
285.38997745513916 17.2 23.6 -15.03784403669725 301.7978050595238 0.0 0.0 '24/09/2021' '16:59:10' 
288.4383318424225 17.3 23.5 -0.9162844036697263 221.00601438492063 0.0 0.0 '24/09/2021' '16:59:13' 
291.5208089351654 17.4 23.7 -28.970756880733944 311.16908482142856 0.0 0.0 '24/09/2021' '16:59:16' 
294.5707025527954 17.4 23.2 -60.07052752293577 361.64620535714283 0.0 0.0 '24/09/2021' '16:59:19' 
298.0647323131561 17.3 23.1 -4.5544724770642215 324.3740699404762 0.0 0.0 '24/09/2021' '16:59:23' 
301.5400114059448 17.2 23.1 8.839449541284399 385.003410218254 0.0 0.0 '24/09/2021' '16:59:26' 
305.0773854255676 17.3 23.1 -61.98394495412844 373.7152777777778 0.0 0.0 '24/09/2021' '16:59:30' 
308.54334139823914 17.3 23.3 -50.55733944954128 262.89279513888886 0.0 0.0 '24/09/2021' '16:59:33' 
312.13776326179504 17.3 23.1 18.56823394495413 286.5339781746032 0.0 0.0 '24/09/2021' '16:59:37' 
317.45407485961914 17.3 23.0 -60.07052752293577 354.61774553571433 0.0 0.0 '24/09/2021' '16:59:42' 
320.6399116516113 17.2 22.8 -93.32626146788989 349.50613839285717 0.0 0.0 '24/09/2021' '16:59:46' 
324.89056968688965 17.2 23.7 -11.857798165137613 304.7085813492063 0.0 0.0 '24/09/2021' '16:59:50' 
328.7284531593323 17.3 24.6 7.060779816513758 357.7415054563492 0.0 0.0 '24/09/2021' '16:59:53' 
332.08248353004456 17.4 25.0 15.711582568807334 343.5425967261904 0.0 0.0 '24/09/2021' '16:59:57' 
335.4308099746704 17.5 24.9 0.8623853211009143 335.3782242063492 0.0 0.0 '24/09/2021' '17:00:00' 
338.68087339401245 17.5 24.4 20.454701834862377 274.74888392857144 0.0 0.0 '24/09/2021' '17:00:03' 
342.00931453704834 17.5 23.9 -63.35837155963302 72.48542906746032 0.0 0.0 '24/09/2021' '17:00:07' 
345.79542326927185 17.6 24.6 14.741399082568803 255.79334077380952 0.0 0.0 '24/09/2021' '17:00:10' 
349.13958954811096 17.5 23.9 1.3744266055045857 317.84257192460313 0.0 0.0 '24/09/2021' '17:00:14' 
352.5549569129944 17.5 23.3 -30.965022935779814 322.5992063492064 0.0 0.0 '24/09/2021' '17:00:17' 
356.0014338493347 17.6 23.9 -70.28440366972475 320.46937003968253 0.0 0.0 '24/09/2021' '17:00:20' 
359.10417652130127 17.5 23.7 20.885894495412842 372.2243923611111 0.0 0.0 '24/09/2021' '17:00:24' 
363.0354325771332 17.6 23.6 -78.98910550458716 373.9282614087302 0.0 0.0 '24/09/2021' '17:00:27' 
365.9884660243988 17.8 22.4 -3.099197247706422 357.38653273809524 0.0 0.0 '24/09/2021' '17:00:30' 
369.0967929363251 17.9 21.6 19.646215596330276 336.23015873015873 0.0 0.0 '24/09/2021' '17:00:34' 
372.4121735095978 17.9 21.8 31.342316513761464 255.72234623015873 0.0 0.0 '24/09/2021' '17:00:37' 
375.69627594947815 17.9 21.0 19.05332568807339 372.4373759920635 0.0 0.0 '24/09/2021' '17:00:40' 
378.9097411632538 18.0 21.6 -27.488532110091743 370.59151785714283 0.0 0.0 '24/09/2021' '17:00:43' 
381.94501399993896 18.0 21.6 32.177752293577974 368.31969246031747 0.0 0.0 '24/09/2021' '17:00:46' 
385.11328315734863 18.0 21.3 -13.528669724770642 261.1889260912699 0.0 0.0 '24/09/2021' '17:00:50' 
388.55527687072754 18.0 21.4 40.34346330275229 384.0804811507937 0.0 0.0 '24/09/2021' '17:00:53' 
392.23342299461365 17.9 21.2 26.410550458715598 329.41468253968253 0.0 0.0 '24/09/2021' '17:00:57' 
395.4769489765167 17.8 21.1 31.28841743119266 374.63820684523813 0.0 0.0 '24/09/2021' '17:01:00' 
398.6354966163635 17.7 22.2 -46.35321100917431 310.8141121031746 0.0 0.0 '24/09/2021' '17:01:03' 
402.33723616600037 17.8 22.5 -53.14449541284403 315.64174107142856 0.0 0.0 '24/09/2021' '17:01:07' 
405.5679771900177 17.9 22.4 17.19380733944954 308.0453249007937 0.0 0.0 '24/09/2021' '17:01:10' 
409.0457844734192 17.8 22.6 -14.040711009174318 313.440910218254 0.0 0.0 '24/09/2021' '17:01:14' 
412.7500822544098 17.8 22.3 -22.314220183486242 288.0248635912699 0.0 0.0 '24/09/2021' '17:01:17' 
416.08500933647156 17.6 22.0 -78.36926605504587 135.2446056547619 0.0 0.0 '24/09/2021' '17:01:21' 
419.5503671169281 17.6 21.8 -20.80504587155963 185.08277529761907 0.0 0.0 '24/09/2021' '17:01:24' 
423.3107285499573 17.7 22.2 -39.64277522935779 314.2218501984127 0.0 0.0 '24/09/2021' '17:01:28' 
426.5753436088562 17.8 22.4 -63.03497706422018 276.59474206349205 0.0 0.0 '24/09/2021' '17:01:31' 
430.0534875392914 17.7 21.4 -13.77121559633028 340.0638640873016 0.0 0.0 '24/09/2021' '17:01:35' 
433.7767379283905 17.5 21.1 -12.504587155963304 339.7798859126984 0.0 0.0 '24/09/2021' '17:01:38' 
437.0840365886688 17.4 21.2 11.696100917431187 301.15885416666663 0.0 0.0 '24/09/2021' '17:01:42' 
440.5080678462982 17.4 21.3 12.58543577981651 312.8729538690476 0.0 0.0 '24/09/2021' '17:01:45' 
444.4454448223114 17.5 21.4 -26.733944954128436 358.8774181547619 0.0 0.0 '24/09/2021' '17:01:49' 
447.57349586486816 17.4 21.1 21.532683486238533 301.8687996031746 0.0 0.0 '24/09/2021' '17:01:52' 
451.078932762146 17.5 22.6 -15.57683486238532 295.550285218254 0.0 0.0 '24/09/2021' '17:01:56' 
454.9198250770569 17.5 23.9 1.8056192660550427 254.30245535714286 0.0 0.0 '24/09/2021' '17:01:59' 
458.0468444824219 17.5 23.5 9.863532110091741 314.2928447420635 0.0 0.0 '24/09/2021' '17:02:03' 
461.5562596321106 17.5 23.5 -61.31020642201835 283.41021825396825 0.0 0.0 '24/09/2021' '17:02:06' 
465.15830659866333 17.5 23.4 -35.11525229357798 205.7421875 0.0 0.0 '24/09/2021' '17:02:10' 
469.03010272979736 17.4 23.1 -15.361238532110091 342.47767857142856 0.0 0.0 '24/09/2021' '17:02:13' 
472.09392523765564 17.2 22.7 -12.585435779816514 274.18092757936506 0.0 0.0 '24/09/2021' '17:02:17' 
475.6523983478546 17.1 23.2 -80.30963302752293 275.95579117063494 0.0 0.0 '24/09/2021' '17:02:20' 
479.1141984462738 17.2 24.9 -9.37844036697248 300.37791418650795 0.0 0.0 '24/09/2021' '17:02:24' 
482.65086245536804 17.3 26.5 -0.21559633027523242 280.9254092261905 0.0 0.0 '24/09/2021' '17:02:27' 
486.1118507385254 17.2 26.6 16.78956422018348 249.90079365079364 0.0 0.0 '24/09/2021' '17:02:31' 
489.5483207702637 17.1 26.6 5.1473623853211 323.0251736111111 0.0 0.0 '24/09/2021' '17:02:34' 
493.03454971313477 17.2 26.6 -8.569954128440367 -64.25006200396825 0.0 0.0 '24/09/2021' '17:02:38' 
496.49508333206177 17.2 26.6 -20.13130733944954 253.9474826388889 0.0 0.0 '24/09/2021' '17:02:41' 
499.9713017940521 17.1 26.6 10.833715596330272 303.35968501984127 0.0 0.0 '24/09/2021' '17:02:44' 
503.09096026420593 17.2 25.5 30.506880733944953 110.04154265873017 0.0 0.0 '24/09/2021' '17:02:48' 
506.4330506324768 17.2 26.3 50.85378440366972 -159.8087177579365 0.0 0.0 '24/09/2021' '17:02:51' 
509.5192437171936 17.2 26.4 14.795298165137615 -82.21168154761905 0.0 0.0 '24/09/2021' '17:02:54' 
513.4244561195374 17.2 26.5 -132.2413990825688 268.0753968253968 0.0 0.0 '24/09/2021' '17:02:58' 
516.4252736568451 17.3 26.8 13.043577981651369 320.32738095238096 0.0 0.0 '24/09/2021' '17:03:01' 
519.5914976596832 17.3 27.1 27.515481651376145 362.78211805555554 0.0 0.0 '24/09/2021' '17:03:04' 
523.0933570861816 17.3 27.1 30.45298165137615 347.44729662698415 0.0 0.0 '24/09/2021' '17:03:08' 
527.096789598465 17.3 27.0 23.499999999999996 343.1166294642857 0.0 0.0 '24/09/2021' '17:03:12' 
530.5489723682404 17.2 28.0 -109.19954128440367 330.47960069444446 0.0 0.0 '24/09/2021' '17:03:16' 
534.6987783908844 17.2 27.9 18.190940366972477 323.66412450396825 0.0 0.0 '24/09/2021' '17:03:19' 
538.0580275058746 17.3 27.9 6.440940366972474 262.1118551587302 0.0 0.0 '24/09/2021' '17:03:23' 
541.5703828334808 17.4 28.3 20.18520642201834 195.23499503968256 0.0 0.0 '24/09/2021' '17:03:26' 
545.329178571701 17.3 28.4 -57.48337155963303 312.2340029761904 0.0 0.0 '24/09/2021' '17:03:30' 
