'time_elapsed' 'pm25 [ug]/m3' 'pm10 [ug]/m3' 'NO2  [ug/m3] ' 'CO  [ug/m3] ' '/' '/' 'data' 'ora' 
1.049041748046875e-05 22.1 25.9 -150.6479357798165 3089.9665178571427 0.0 0.0 '23/09/2021' '12:25:35' 
4.509333610534668 22.1 25.7 -116.74541284403668 3144.703311011905 0.0 0.0 '23/09/2021' '12:25:39' 
9.15912389755249 22.0 25.6 -141.56594036697246 3024.3675595238096 0.0 0.0 '23/09/2021' '12:25:45' 
13.177364826202393 22.0 25.5 -255.67029816513764 2821.3231646825398 0.0 0.0 '23/09/2021' '12:25:49' 
17.253822088241577 21.9 25.6 -197.64793577981646 2883.443390376984 0.0 0.0 '23/09/2021' '12:25:52' 
20.73891592025757 21.8 25.0 -218.4529816513761 2787.1037946428573 0.0 0.0 '23/09/2021' '12:25:56' 
23.86731219291687 21.6 27.9 -148.38417431192656 2694.384920634921 0.0 0.0 '23/09/2021' '12:25:59' 
27.182870388031006 21.7 28.4 -198.6450688073394 2445.3360615079364 0.0 0.0 '23/09/2021' '12:26:02' 
30.152273654937744 21.7 28.3 -161.67029816513755 2548.136160714286 0.0 0.0 '23/09/2021' '12:26:05' 
33.18298697471619 21.8 28.6 -118.92832568807337 2509.586123511905 0.0 0.0 '23/09/2021' '12:26:08' 
36.15067744255066 21.8 28.6 -206.72993119266053 2454.210379464286 0.0 0.0 '23/09/2021' '12:26:11' 
39.26395082473755 21.9 28.7 -100.30619266055044 2411.4006696428573 0.0 0.0 '23/09/2021' '12:26:14' 
42.78498983383179 21.8 28.5 -167.65309633027522 2355.8829365079364 0.0 0.0 '23/09/2021' '12:26:18' 
46.19975161552429 21.7 28.6 -176.06135321100916 1606.1805555555557 0.0 0.0 '23/09/2021' '12:26:21' 
49.63566875457764 21.8 29.1 -113.83486238532109 2292.484809027778 0.0 0.0 '23/09/2021' '12:26:24' 
52.640727043151855 21.8 29.0 -109.92717889908256 2243.0016121031745 0.0 0.0 '23/09/2021' '12:26:27' 
55.64353632926941 21.8 30.0 -187.24541284403668 2208.2852802579364 0.0 0.0 '23/09/2021' '12:26:30' 
58.664302587509155 21.8 30.1 -85.16055045871559 2200.901847718254 0.0 0.0 '23/09/2021' '12:26:33' 
61.663419246673584 21.9 30.3 -122.24311926605503 2145.526103670635 0.0 0.0 '23/09/2021' '12:26:36' 
64.66464257240295 22.0 30.9 -69.44896788990823 1650.6941344246031 0.0 0.0 '23/09/2021' '12:26:39' 
67.67075204849243 22.0 31.1 -115.77522935779812 2069.135974702381 0.0 0.0 '23/09/2021' '12:26:43' 
