'time_elapsed' 'pm25 [ug]/m3' 'pm10 [ug]/m3' 'NO2  [ug/m3] ' 'CO  [ug/m3] ' '/' '/' 'data' 'ora' 
1.1682510375976562e-05 53.1 74.2 -94.8623853211009 1431.1790054563492 0.0 0.0 '23/09/2021' '12:28:10' 
4.753434896469116 52.5 73.5 -99.01261467889907 1260.0821552579366 0.0 0.0 '23/09/2021' '12:28:15' 
7.834305763244629 52.4 73.1 -104.9684633027523 1511.6158234126983 0.0 0.0 '23/09/2021' '12:28:18' 
11.888906717300415 53.0 73.0 -68.02064220183486 1360.5394345238096 0.0 0.0 '23/09/2021' '12:28:22' 
14.931647539138794 55.5 76.7 -70.39220183486238 1310.6302703373017 0.0 0.0 '23/09/2021' '12:28:25' 
17.96307635307312 57.4 79.8 -93.89220183486238 937.198970734127 0.0 0.0 '23/09/2021' '12:28:28' 
21.46230983734131 58.6 81.5 -73.41055045871559 1327.5979662698412 0.0 0.0 '23/09/2021' '12:28:32' 
24.8783221244812 59.3 82.7 -141.67373853211006 1335.1233878968255 0.0 0.0 '23/09/2021' '12:28:35' 
27.933559894561768 60.0 83.0 -36.46272935779817 1284.6462673611113 0.0 0.0 '23/09/2021' '12:28:38' 
30.90415096282959 60.5 82.6 -105.15711009174309 978.0208333333333 0.0 0.0 '23/09/2021' '12:28:41' 
33.92795944213867 61.2 84.2 -101.89621559633026 1000.3841145833333 0.0 0.0 '23/09/2021' '12:28:44' 
37.00208854675293 60.7 82.7 -93.3532110091743 974.8260788690476 0.0 0.0 '23/09/2021' '12:28:47' 
40.45976424217224 60.5 82.3 -28.836009174311922 1161.9676959325398 0.0 0.0 '23/09/2021' '12:28:51' 
43.97268080711365 60.2 82.7 -58.8577981651376 1143.8640873015872 0.0 0.0 '23/09/2021' '12:28:54' 
47.402202129364014 59.6 81.7 -49.42545871559633 1234.5951140873017 0.0 0.0 '23/09/2021' '12:28:57' 
50.358031272888184 59.7 82.0 -64.51720183486238 790.2402653769841 0.0 0.0 '23/09/2021' '12:29:00' 
53.43128275871277 60.2 83.0 -59.12729357798164 1316.309833829365 0.0 0.0 '23/09/2021' '12:29:04' 
56.950517654418945 60.3 82.9 -101.00688073394494 1176.30859375 0.0 0.0 '23/09/2021' '12:29:07' 
60.41139602661133 59.9 81.8 -186.86811926605503 1296.8573288690477 0.0 0.0 '23/09/2021' '12:29:10' 
63.46231484413147 59.2 79.8 -72.35951834862385 1288.3379836309525 0.0 0.0 '23/09/2021' '12:29:14' 
66.97621488571167 58.3 78.1 26.787844036697255 1327.739955357143 0.0 0.0 '23/09/2021' '12:29:17' 
