'time_elapsed' 'pm25 [ug]/m3' 'pm10 [ug]/m3' 'WE_NO2  [mV] ' 'AE_NO2  [mV] ' 'WE_CO  [mV] ' 'AE_CO [mV]' 'data' 'ora' 
9.5367431640625e-06 18.4 20.6 297.25 307.28125 325.78125 273.6875 '24/09/2021' '16:33:04' 
4.3160412311553955 18.4 20.6 296.875 300.375 307.96875 244.53125 '24/09/2021' '16:33:08' 
7.522353887557983 18.5 20.7 294.84375 302.90625 318.8125 265.375 '24/09/2021' '16:33:11' 
10.709302186965942 18.4 20.6 295.875 304.6875 315.03125 260.78125 '24/09/2021' '16:33:15' 
13.977824926376343 18.5 20.6 295.71875 306.59375 320.34375 268.9375 '24/09/2021' '16:33:18' 
17.053771018981934 18.5 20.6 296.59375 303.65625 309.5 255.53125 '24/09/2021' '16:33:21' 
20.076226949691772 18.5 20.7 296.8125 304.25 315.53125 262.0625 '24/09/2021' '16:33:24' 
23.144213676452637 18.6 20.8 296.28125 304.53125 302.3125 233.28125 '24/09/2021' '16:33:27' 
25.96171760559082 18.8 21.0 296.53125 301.0625 316.0 267.125 '24/09/2021' '16:33:30' 
29.04508113861084 18.9 21.2 298.0625 306.6875 312.03125 258.125 '24/09/2021' '16:33:33' 
32.91095852851868 18.8 21.0 297.03125 306.625 315.40625 260.625 '24/09/2021' '16:33:37' 
36.055492639541626 18.9 21.2 296.25 307.59375 313.125 256.53125 '24/09/2021' '16:33:40' 
39.055320024490356 18.9 21.4 296.96875 302.25 319.84375 264.625 '24/09/2021' '16:33:43' 
42.098169565200806 19.1 23.3 298.6875 308.25 1023.96875 637.1875 '24/09/2021' '16:33:46' 
45.01347017288208 19.1 23.4 299.75 308.5625 1023.96875 788.84375 '24/09/2021' '16:33:49' 
48.23875403404236 19.1 23.3 302.65625 305.09375 1023.96875 1023.96875 '24/09/2021' '16:33:52' 
51.57383441925049 18.8 22.6 299.0625 307.1875 1023.96875 1005.6875 '24/09/2021' '16:33:55' 
54.536768198013306 19.0 22.7 300.28125 309.6875 1023.96875 908.4375 '24/09/2021' '16:33:58' 
58.055198669433594 19.2 22.9 299.46875 305.28125 1023.96875 737.4375 '24/09/2021' '16:34:02' 
61.116567611694336 19.0 22.6 298.5 305.59375 1023.96875 570.5 '24/09/2021' '16:34:05' 
64.59019827842712 19.1 24.0 295.3125 301.9375 1023.96875 504.71875 '24/09/2021' '16:34:08' 
