'time_elapsed' 'pm25 [ug]/m3' 'pm10 [ug]/m3' 'NO2  [ug/m3] ' 'CO  [ug/m3] ' '/' '/' 'data' 'ora' 
1.0013580322265625e-05 26.8 30.6 -113.9426605504587 951.6108630952381 0.0 0.0 '23/09/2021' '12:30:04' 
4.477127313613892 26.4 32.0 -98.82396788990825 1041.9159226190477 0.0 0.0 '23/09/2021' '12:30:09' 
7.58073091506958 26.0 31.5 -138.87098623853208 1067.4739583333333 0.0 0.0 '23/09/2021' '12:30:12' 
10.737832307815552 25.6 30.9 -159.78383027522935 1043.477802579365 0.0 0.0 '23/09/2021' '12:30:15' 
14.077507019042969 25.2 31.3 -140.86525229357795 1010.465339781746 0.0 0.0 '23/09/2021' '12:30:18' 
17.146045446395874 24.8 31.0 -159.46043577981646 964.034908234127 0.0 0.0 '23/09/2021' '12:30:21' 
20.159999132156372 24.5 31.3 -21.61353211009174 986.6821676587302 0.0 0.0 '23/09/2021' '12:30:24' 
23.20484447479248 24.4 31.6 -85.18749999999999 949.1970486111111 0.0 0.0 '23/09/2021' '12:30:28' 
26.59404993057251 24.0 31.3 -126.58199541284401 991.8647693452381 0.0 0.0 '23/09/2021' '12:30:31' 
29.57363486289978 23.6 30.7 -65.81077981651376 746.6496155753968 0.0 0.0 '23/09/2021' '12:30:34' 
33.133872509002686 23.4 30.6 -63.87041284403669 934.7141617063492 0.0 0.0 '23/09/2021' '12:30:37' 
36.10851788520813 23.1 31.6 -98.68922018348623 903.2635788690476 0.0 0.0 '23/09/2021' '12:30:40' 
39.11234259605408 22.9 31.7 -83.32798165137613 511.30270337301585 0.0 0.0 '23/09/2021' '12:30:43' 
42.088295698165894 22.9 31.3 -159.02924311926603 899.5008680555557 0.0 0.0 '23/09/2021' '12:30:46' 
45.03972291946411 22.9 32.0 -76.509747706422 882.7461557539682 0.0 0.0 '23/09/2021' '12:30:49' 
48.02756214141846 22.6 31.5 -149.51605504587152 800.0375124007936 0.0 0.0 '23/09/2021' '12:30:52' 
51.06000304222107 22.6 31.9 -21.182339449541274 885.0889756944445 0.0 0.0 '23/09/2021' '12:30:55' 
54.01883363723755 22.5 31.8 -38.295298165137616 874.581783234127 0.0 0.0 '23/09/2021' '12:30:58' 
57.03380727767944 22.4 31.7 -119.19782110091742 848.5977802579365 0.0 0.0 '23/09/2021' '12:31:01' 
60.022780418395996 22.3 31.3 -129.76204128440367 441.8700396825397 0.0 0.0 '23/09/2021' '12:31:04' 
63.055922985076904 22.3 30.2 -99.2821100917431 807.6339285714287 0.0 0.0 '23/09/2021' '12:31:07' 
