'time_elapsed' 'pm25 [ug]/m3' 'pm10 [ug]/m3' 'WE_NO2  [mV] ' 'AE_NO2  [mV] ' 'WE_CO  [mV] ' 'AE_CO [mV]' 'data' 'ora' 
5.4836273193359375e-06 0.6 2.5 302.125 299.71875 265.09375 275.0625 '05/08/2021' '14:30:40' 
4.078195810317993 0.7 2.5 298.6875 302.34375 264.59375 274.0625 '05/08/2021' '14:30:44' 
6.956491231918335 0.7 2.4 299.6875 302.5 260.25 268.15625 '05/08/2021' '14:30:47' 
9.716697454452515 0.6 2.3 304.34375 299.71875 258.71875 263.0625 '05/08/2021' '14:30:50' 
12.427770137786865 0.7 2.3 304.15625 300.3125 252.9375 251.25 '05/08/2021' '14:30:53' 
15.159343957901001 0.7 2.2 302.25 300.28125 260.5 266.71875 '05/08/2021' '14:30:55' 
17.900696754455566 0.7 2.2 292.875 301.53125 243.75 212.78125 '05/08/2021' '14:30:58' 
20.692357063293457 0.7 2.1 289.90625 301.6875 260.375 271.0625 '05/08/2021' '14:31:01' 
23.35979986190796 0.7 2.1 324.375 304.0 260.46875 270.84375 '05/08/2021' '14:31:03' 
26.059905529022217 0.7 2.1 309.59375 304.65625 259.0625 267.34375 '05/08/2021' '14:31:06' 
28.77642512321472 0.8 2.2 308.25 303.5 257.15625 266.875 '05/08/2021' '14:31:09' 
31.54988980293274 0.8 2.2 292.40625 306.59375 257.25 267.03125 '05/08/2021' '14:31:12' 
34.28743863105774 0.8 2.3 301.0 299.875 255.75 247.5 '05/08/2021' '14:31:14' 
37.060805797576904 0.8 2.2 314.625 300.40625 253.71875 259.71875 '05/08/2021' '14:31:17' 
39.858296394348145 0.8 2.2 271.96875 301.5625 236.84375 184.65625 '05/08/2021' '14:31:20' 
42.66154646873474 0.8 2.2 282.28125 301.09375 244.75 238.0625 '05/08/2021' '14:31:23' 
45.35027480125427 0.8 3.2 331.28125 298.96875 231.5625 188.96875 '05/08/2021' '14:31:25' 
48.03081297874451 0.8 3.1 298.65625 298.96875 250.6875 263.5 '05/08/2021' '14:31:28' 
50.75278401374817 0.8 3.2 285.34375 299.75 253.96875 260.71875 '05/08/2021' '14:31:31' 
53.44671559333801 0.8 2.2 302.53125 299.5 243.84375 239.21875 '05/08/2021' '14:31:34' 
56.161412954330444 0.8 2.2 286.28125 296.40625 249.375 249.5 '05/08/2021' '14:31:36' 
58.89136743545532 0.8 2.2 284.0625 298.40625 228.53125 156.65625 '05/08/2021' '14:31:39' 
61.621291637420654 0.8 2.2 290.03125 299.46875 257.40625 254.46875 '05/08/2021' '14:31:42' 
64.37341117858887 0.8 2.2 295.3125 302.65625 236.1875 172.09375 '05/08/2021' '14:31:44' 
67.09358024597168 0.9 2.3 308.0625 301.125 258.96875 262.65625 '05/08/2021' '14:31:47' 
69.84073805809021 0.8 2.3 330.09375 301.40625 258.8125 248.53125 '05/08/2021' '14:31:50' 
72.6148009300232 0.9 2.3 321.625 306.8125 262.40625 268.53125 '05/08/2021' '14:31:53' 
75.3650803565979 0.9 2.3 269.375 311.09375 262.09375 250.5625 '05/08/2021' '14:31:55' 
78.11528944969177 0.9 2.4 286.1875 310.15625 270.90625 270.25 '05/08/2021' '14:31:58' 
80.90515923500061 0.9 2.4 287.625 307.03125 259.6875 213.65625 '05/08/2021' '14:32:01' 
83.71615552902222 0.9 2.4 297.96875 302.21875 265.3125 258.5 '05/08/2021' '14:32:04' 
86.38661789894104 0.9 2.4 316.1875 309.53125 251.09375 231.625 '05/08/2021' '14:32:06' 
89.0916063785553 0.9 2.4 323.0 303.75 237.0 221.75 '05/08/2021' '14:32:09' 
91.77282905578613 0.9 2.5 332.84375 304.8125 221.65625 204.59375 '05/08/2021' '14:32:12' 
94.47972011566162 0.9 2.4 326.71875 301.25 188.125 134.59375 '05/08/2021' '14:32:15' 
97.15159559249878 0.9 2.4 296.8125 302.46875 178.4375 147.71875 '05/08/2021' '14:32:17' 
99.88394093513489 0.9 2.4 288.96875 299.9375 148.09375 58.59375 '05/08/2021' '14:32:20' 
102.62393927574158 1.0 2.4 255.03125 305.34375 158.375 127.625 '05/08/2021' '14:32:23' 
105.35468912124634 1.0 2.4 259.1875 307.15625 128.3125 55.875 '05/08/2021' '14:32:25' 
108.07580757141113 0.9 2.3 278.0625 305.0625 140.3125 102.125 '05/08/2021' '14:32:28' 
110.78904342651367 0.9 2.3 308.96875 301.46875 133.3125 66.46875 '05/08/2021' '14:32:31' 
113.52727365493774 0.9 2.2 270.34375 302.78125 130.96875 82.90625 '05/08/2021' '14:32:34' 
116.25381970405579 0.9 2.1 259.15625 305.46875 126.84375 46.1875 '05/08/2021' '14:32:36' 
118.98877120018005 0.9 2.1 269.375 299.65625 131.0625 69.75 '05/08/2021' '14:32:39' 
121.72508120536804 0.9 2.0 305.53125 298.59375 129.0625 61.21875 '05/08/2021' '14:32:42' 
124.46492838859558 1.0 3.1 254.875 285.28125 113.3125 48.8125 '05/08/2021' '14:32:45' 
127.2035620212555 0.9 2.2 344.5625 322.0625 150.34375 71.09375 '05/08/2021' '14:32:47' 
129.94008421897888 0.9 2.2 563.5625 301.5625 150.25 44.65625 '05/08/2021' '14:32:50' 
132.68002438545227 1.0 2.2 216.625 303.15625 166.03125 60.5 '05/08/2021' '14:32:53' 
135.42245030403137 1.0 2.2 185.5625 279.09375 183.25 82.25 '05/08/2021' '14:32:56' 
138.44819927215576 1.0 2.3 252.3125 308.09375 181.15625 75.46875 '05/08/2021' '14:32:59' 
141.21782112121582 1.0 2.2 234.28125 292.125 215.5625 109.78125 '05/08/2021' '14:33:01' 
144.03426241874695 1.0 3.1 251.09375 302.34375 235.3125 129.1875 '05/08/2021' '14:33:04' 
146.80520224571228 1.1 4.5 267.71875 295.9375 240.34375 94.5 '05/08/2021' '14:33:07' 
149.56772804260254 1.1 5.2 279.75 300.46875 269.8125 164.6875 '05/08/2021' '14:33:10' 
152.39959979057312 1.1 7.0 291.375 306.6875 278.4375 168.25 '05/08/2021' '14:33:12' 
155.18502068519592 1.1 7.1 314.9375 311.78125 293.125 175.1875 '05/08/2021' '14:33:15' 
157.99903774261475 1.1 7.0 289.3125 307.75 307.0625 190.5 '05/08/2021' '14:33:18' 
160.80425238609314 1.1 7.0 283.46875 307.75 302.28125 170.96875 '05/08/2021' '14:33:21' 
163.6285915374756 1.1 7.6 322.34375 310.09375 313.53125 176.03125 '05/08/2021' '14:33:24' 
166.46272158622742 1.2 7.7 344.15625 310.78125 324.90625 205.59375 '05/08/2021' '14:33:27' 
169.30222988128662 1.1 7.6 274.5 309.03125 328.03125 212.0 '05/08/2021' '14:33:29' 
172.13763976097107 1.1 7.6 260.46875 291.0625 330.5 212.65625 '05/08/2021' '14:33:32' 
174.93265056610107 1.1 7.6 287.53125 313.1875 307.03125 156.46875 '05/08/2021' '14:33:35' 
177.75982475280762 1.2 7.7 285.8125 298.40625 354.03125 235.625 '05/08/2021' '14:33:38' 
180.5944321155548 1.1 7.7 328.09375 315.8125 365.21875 221.625 '05/08/2021' '14:33:41' 
183.38697862625122 1.2 7.7 309.3125 303.1875 353.46875 148.40625 '05/08/2021' '14:33:43' 
186.19970083236694 1.1 7.6 339.34375 315.3125 397.40625 280.15625 '05/08/2021' '14:33:46' 
189.0278663635254 1.1 7.6 306.25 308.4375 403.21875 285.75 '05/08/2021' '14:33:49' 
191.85763382911682 1.1 7.6 292.6875 300.21875 415.34375 287.5625 '05/08/2021' '14:33:52' 
194.6980800628662 1.1 7.7 340.3125 317.78125 390.1875 217.40625 '05/08/2021' '14:33:55' 
197.5363097190857 1.1 8.5 279.0625 290.0625 444.25 331.75 '05/08/2021' '14:33:58' 
200.3744616508484 1.1 8.7 291.9375 322.71875 434.59375 301.59375 '05/08/2021' '14:34:00' 
203.21851015090942 1.1 8.8 291.4375 315.5625 447.5625 338.875 '05/08/2021' '14:34:03' 
206.05597162246704 1.1 8.8 315.1875 314.21875 445.125 335.9375 '05/08/2021' '14:34:06' 
208.90808773040771 1.1 7.7 280.1875 310.96875 419.875 304.65625 '05/08/2021' '14:34:09' 
211.71686482429504 1.1 7.7 287.03125 305.875 439.28125 339.375 '05/08/2021' '14:34:12' 
214.44744610786438 1.1 7.7 326.0625 345.1875 424.0625 316.65625 '05/08/2021' '14:34:15' 
217.1742000579834 1.0 7.7 295.84375 308.21875 430.0 341.3125 '05/08/2021' '14:34:17' 
219.93980956077576 1.0 8.2 325.71875 307.8125 427.03125 340.34375 '05/08/2021' '14:34:20' 
222.7226207256317 1.0 8.2 280.84375 305.0 432.46875 349.65625 '05/08/2021' '14:34:23' 
225.48775339126587 1.0 8.2 262.0625 312.875 443.25 357.4375 '05/08/2021' '14:34:26' 
228.24263906478882 1.0 7.4 276.71875 311.9375 445.5625 375.96875 '05/08/2021' '14:34:28' 
230.99133157730103 1.0 6.0 234.65625 280.6875 435.09375 378.375 '05/08/2021' '14:34:31' 
233.74209189414978 1.0 5.2 284.96875 339.90625 445.34375 393.09375 '05/08/2021' '14:34:34' 
236.50463724136353 0.9 3.4 282.3125 310.875 438.0 379.59375 '05/08/2021' '14:34:37' 
239.25619959831238 1.0 3.4 294.5625 305.59375 445.46875 387.9375 '05/08/2021' '14:34:39' 
242.0449149608612 1.0 4.5 269.3125 297.78125 440.71875 394.8125 '05/08/2021' '14:34:42' 
245.0456988811493 1.0 4.5 260.65625 291.09375 447.46875 403.78125 '05/08/2021' '14:34:45' 
247.86444973945618 1.0 3.9 304.96875 309.375 422.34375 308.6875 '05/08/2021' '14:34:48' 
250.6664605140686 1.0 3.8 298.59375 313.8125 424.4375 381.8125 '05/08/2021' '14:34:51' 
253.45470786094666 1.0 3.8 293.46875 311.71875 429.21875 391.09375 '05/08/2021' '14:34:54' 
256.2346787452698 1.0 4.0 272.8125 305.21875 413.65625 367.0 '05/08/2021' '14:34:56' 
259.0408208370209 1.1 4.0 273.96875 307.46875 429.75 399.59375 '05/08/2021' '14:34:59' 
261.7932994365692 1.0 3.9 293.78125 312.53125 426.09375 400.53125 '05/08/2021' '14:35:02' 
264.52849316596985 1.1 4.2 310.53125 309.03125 422.28125 401.5 '05/08/2021' '14:35:05' 
267.2691984176636 1.1 4.3 320.375 310.3125 408.0625 341.34375 '05/08/2021' '14:35:07' 
270.0480842590332 1.1 4.3 300.09375 322.125 406.625 392.0625 '05/08/2021' '14:35:10' 
272.8548402786255 1.1 4.3 285.40625 296.75 383.75 324.5 '05/08/2021' '14:35:13' 
275.627117395401 1.1 4.3 279.9375 304.34375 408.1875 390.65625 '05/08/2021' '14:35:16' 
278.3678069114685 1.1 4.2 280.40625 311.875 363.9375 295.28125 '05/08/2021' '14:35:18' 
281.14892315864563 1.1 3.3 308.40625 326.5625 391.5625 373.21875 '05/08/2021' '14:35:21' 
283.9668753147125 1.1 3.1 296.71875 316.125 387.4375 371.625 '05/08/2021' '14:35:24' 
286.7426118850708 1.1 3.2 301.03125 315.71875 373.46875 359.65625 '05/08/2021' '14:35:27' 
289.54976081848145 1.1 3.1 312.25 316.8125 374.03125 363.15625 '05/08/2021' '14:35:30' 
292.30371475219727 1.1 3.1 299.125 307.9375 347.46875 262.625 '05/08/2021' '14:35:32' 
295.0705392360687 1.1 3.1 296.1875 305.8125 388.78125 385.15625 '05/08/2021' '14:35:35' 
297.8362019062042 1.1 3.2 282.71875 310.28125 375.59375 319.5625 '05/08/2021' '14:35:38' 
300.65548753738403 1.2 3.2 291.625 307.6875 370.65625 370.84375 '05/08/2021' '14:35:41' 
303.4440047740936 1.2 2.7 304.5625 311.0 372.96875 355.09375 '05/08/2021' '14:35:44' 
306.254656791687 1.2 3.0 303.8125 311.8125 384.3125 393.71875 '05/08/2021' '14:35:46' 
309.02725195884705 1.2 3.1 314.3125 306.03125 382.59375 392.59375 '05/08/2021' '14:35:49' 
311.8257200717926 1.2 3.4 319.0625 313.1875 371.1875 348.09375 '05/08/2021' '14:35:52' 
314.6079456806183 1.2 3.4 288.34375 305.9375 371.125 382.28125 '05/08/2021' '14:35:55' 
317.4156312942505 1.2 3.4 301.375 302.375 359.875 370.09375 '05/08/2021' '14:35:57' 
320.22044587135315 1.2 3.4 320.0625 308.90625 353.71875 369.84375 '05/08/2021' '14:36:00' 
323.04011583328247 1.2 3.4 344.0 312.40625 346.15625 365.5625 '05/08/2021' '14:36:03' 
325.8010895252228 1.1 2.3 330.3125 305.0625 314.46875 290.6875 '05/08/2021' '14:36:06' 
328.570524930954 1.1 2.3 327.15625 308.28125 337.96875 362.0 '05/08/2021' '14:36:09' 
331.33168625831604 1.1 3.0 303.125 311.09375 330.46875 331.4375 '05/08/2021' '14:36:11' 
334.0842308998108 1.1 3.0 279.0 312.0625 322.59375 355.09375 '05/08/2021' '14:36:14' 
336.82782006263733 1.1 3.0 275.3125 306.75 321.03125 348.4375 '05/08/2021' '14:36:17' 
339.5681486129761 1.1 3.1 277.84375 309.21875 311.375 345.71875 '05/08/2021' '14:36:20' 
342.3352379798889 1.2 3.2 298.46875 304.96875 306.5 341.59375 '05/08/2021' '14:36:22' 
345.1142153739929 1.2 4.0 285.625 309.09375 296.90625 314.40625 '05/08/2021' '14:36:25' 
347.9217309951782 1.2 3.9 302.0 304.46875 253.5625 223.625 '05/08/2021' '14:36:28' 
350.673052072525 1.2 3.8 336.4375 309.21875 285.0625 320.28125 '05/08/2021' '14:36:31' 
353.4380855560303 1.2 3.9 331.25 311.3125 257.15625 280.0625 '05/08/2021' '14:36:34' 
356.2255027294159 1.2 4.0 301.09375 305.46875 263.5 290.46875 '05/08/2021' '14:36:36' 
358.99433398246765 1.2 3.9 285.3125 310.28125 248.75 241.96875 '05/08/2021' '14:36:39' 
361.74822306632996 1.3 4.7 258.21875 300.65625 253.0625 276.1875 '05/08/2021' '14:36:42' 
364.51149010658264 1.3 4.7 268.65625 303.75 232.4375 258.59375 '05/08/2021' '14:36:45' 
367.2515757083893 1.3 4.8 273.90625 302.90625 241.4375 264.53125 '05/08/2021' '14:36:47' 
370.02958583831787 1.2 4.7 288.71875 306.4375 236.96875 256.1875 '05/08/2021' '14:36:50' 
372.83700823783875 1.4 4.8 293.5 301.1875 230.4375 244.34375 '05/08/2021' '14:36:53' 
375.60014295578003 1.4 4.8 280.65625 301.09375 215.3125 179.46875 '05/08/2021' '14:36:56' 
378.34814977645874 1.5 4.9 270.84375 292.71875 195.0625 148.75 '05/08/2021' '14:36:58' 
381.1019687652588 1.5 4.8 280.15625 306.4375 219.03125 216.90625 '05/08/2021' '14:37:01' 
383.849858045578 1.5 6.0 301.6875 303.15625 195.5 136.59375 '05/08/2021' '14:37:04' 
386.6001410484314 1.4 5.9 275.40625 303.90625 199.1875 160.46875 '05/08/2021' '14:37:07' 
389.34996151924133 1.4 5.7 302.8125 303.78125 162.375 82.40625 '05/08/2021' '14:37:09' 
392.0993719100952 1.4 5.6 280.875 303.28125 196.53125 181.84375 '05/08/2021' '14:37:12' 
394.87649631500244 1.3 5.1 291.21875 303.53125 159.03125 85.28125 '05/08/2021' '14:37:15' 
397.69466829299927 1.3 5.1 305.9375 299.71875 196.0625 178.0625 '05/08/2021' '14:37:18' 
400.5016419887543 1.3 5.1 297.21875 300.71875 191.21875 173.65625 '05/08/2021' '14:37:21' 
403.26705265045166 1.3 5.1 336.875 303.46875 180.90625 101.09375 '05/08/2021' '14:37:23' 
406.03066539764404 1.3 5.1 282.78125 301.03125 196.34375 175.96875 '05/08/2021' '14:37:26' 
408.785471200943 1.3 5.4 285.40625 305.21875 198.71875 155.90625 '05/08/2021' '14:37:29' 
411.53658866882324 1.3 5.4 283.84375 303.6875 199.875 178.84375 '05/08/2021' '14:37:32' 
414.3342869281769 1.3 4.7 292.65625 304.0 184.375 132.46875 '05/08/2021' '14:37:34' 
417.12354707717896 1.3 4.7 296.78125 304.28125 204.71875 175.1875 '05/08/2021' '14:37:37' 
419.9283411502838 1.3 4.7 276.75 305.28125 209.25 176.4375 '05/08/2021' '14:37:40' 
422.73082995414734 1.3 4.3 327.34375 313.21875 203.46875 166.6875 '05/08/2021' '14:37:43' 
425.52761673927307 1.2 4.2 304.84375 306.34375 203.84375 165.40625 '05/08/2021' '14:37:46' 
428.31596326828003 1.2 4.8 256.59375 284.03125 175.0 56.75 '05/08/2021' '14:37:48' 
431.09174489974976 1.3 4.6 283.0 310.25 203.375 147.03125 '05/08/2021' '14:37:51' 
433.88682222366333 1.4 4.7 277.3125 310.09375 153.0625 47.625 '05/08/2021' '14:37:54' 
436.66067814826965 1.4 5.3 292.28125 316.0625 185.0625 114.65625 '05/08/2021' '14:37:57' 
439.4131531715393 1.5 5.3 295.65625 311.75 197.96875 119.59375 '05/08/2021' '14:37:59' 
442.17409348487854 1.5 5.3 277.90625 303.0625 203.71875 122.6875 '05/08/2021' '14:38:02' 
444.960533618927 1.6 4.7 310.96875 321.375 204.46875 116.71875 '05/08/2021' '14:38:05' 
447.78455209732056 1.7 4.8 302.125 309.34375 215.71875 127.0625 '05/08/2021' '14:38:08' 
450.5535969734192 1.8 4.6 321.78125 311.875 213.75 120.5 '05/08/2021' '14:38:11' 
453.3136718273163 1.8 4.7 357.90625 311.84375 216.34375 104.90625 '05/08/2021' '14:38:13' 
456.08527064323425 1.7 4.6 325.15625 311.40625 221.1875 123.28125 '05/08/2021' '14:38:16' 
458.87579226493835 1.6 4.6 298.0625 309.59375 218.75 118.40625 '05/08/2021' '14:38:19' 
461.64731431007385 1.8 5.2 280.84375 304.40625 214.5625 89.4375 '05/08/2021' '14:38:22' 
464.4389946460724 1.8 5.3 293.5625 303.28125 197.875 95.65625 '05/08/2021' '14:38:25' 
467.1952395439148 1.8 4.0 276.125 296.71875 227.5625 130.25 '05/08/2021' '14:38:27' 
469.97971653938293 1.8 4.0 294.65625 313.59375 222.34375 106.96875 '05/08/2021' '14:38:30' 
472.75089406967163 1.8 4.0 272.8125 299.9375 244.40625 139.46875 '05/08/2021' '14:38:33' 
475.5259356498718 1.8 4.0 257.25 309.53125 254.9375 145.5625 '05/08/2021' '14:38:36' 
478.29387855529785 1.8 4.2 292.78125 308.6875 264.8125 162.59375 '05/08/2021' '14:38:38' 
481.06242179870605 1.9 4.2 320.1875 304.59375 262.4375 159.28125 '05/08/2021' '14:38:41' 
483.824116230011 1.9 4.2 300.34375 313.875 273.34375 124.125 '05/08/2021' '14:38:44' 
486.64557433128357 1.9 4.4 244.8125 321.75 312.375 193.90625 '05/08/2021' '14:38:47' 
489.4466314315796 1.9 4.4 256.96875 295.03125 323.21875 197.15625 '05/08/2021' '14:38:50' 
492.2254741191864 1.9 4.0 335.0 327.6875 323.84375 198.40625 '05/08/2021' '14:38:52' 
495.00110840797424 1.9 4.0 272.78125 297.09375 347.40625 225.375 '05/08/2021' '14:38:55' 
497.78649258613586 1.9 4.1 283.46875 333.125 360.25 239.625 '05/08/2021' '14:38:58' 
500.5561385154724 1.9 4.1 291.21875 325.78125 364.625 242.125 '05/08/2021' '14:39:01' 
503.3351399898529 1.9 4.1 266.96875 302.65625 374.28125 202.0625 '05/08/2021' '14:39:03' 
506.0927641391754 2.0 4.1 297.375 318.625 370.84375 248.34375 '05/08/2021' '14:39:06' 
508.8488097190857 2.0 4.2 273.90625 308.125 375.75 251.03125 '05/08/2021' '14:39:09' 
511.6160547733307 1.9 2.9 289.96875 319.25 379.0 237.8125 '05/08/2021' '14:39:12' 
514.404294013977 1.8 2.9 284.96875 309.0 383.8125 256.6875 '05/08/2021' '14:39:14' 
517.204559803009 1.8 2.8 286.5625 293.21875 388.78125 253.40625 '05/08/2021' '14:39:17' 
520.0135242938995 1.7 2.0 282.71875 297.3125 382.625 247.34375 '05/08/2021' '14:39:20' 
522.8355309963226 1.7 2.0 303.40625 333.09375 363.21875 233.46875 '05/08/2021' '14:39:23' 
525.6334049701691 1.6 2.0 278.65625 291.59375 357.375 213.4375 '05/08/2021' '14:39:26' 
528.4312882423401 1.5 2.1 282.65625 306.0 372.09375 258.28125 '05/08/2021' '14:39:29' 
531.2702775001526 1.4 2.0 292.3125 302.21875 370.0 235.625 '05/08/2021' '14:39:31' 
534.0464179515839 1.3 2.0 293.15625 310.5 378.6875 280.21875 '05/08/2021' '14:39:34' 
536.804657459259 1.3 2.8 306.84375 313.5 380.0 263.71875 '05/08/2021' '14:39:37' 
539.5534081459045 1.3 2.8 289.21875 315.53125 386.21875 300.65625 '05/08/2021' '14:39:40' 
542.3075881004333 1.2 2.8 291.71875 306.96875 383.21875 300.9375 '05/08/2021' '14:39:42' 
545.1189391613007 1.1 2.1 272.15625 310.71875 375.3125 265.125 '05/08/2021' '14:39:45' 
547.9669606685638 1.0 2.4 258.28125 308.53125 364.03125 279.375 '05/08/2021' '14:39:48' 
550.7695863246918 1.0 2.3 278.875 306.03125 341.875 184.65625 '05/08/2021' '14:39:51' 
553.5457451343536 1.0 2.3 269.3125 299.71875 351.84375 265.71875 '05/08/2021' '14:39:54' 
556.4058675765991 1.0 2.3 282.09375 313.125 322.25 164.6875 '05/08/2021' '14:39:56' 
559.2044265270233 1.1 2.4 329.0 319.96875 332.09375 238.21875 '05/08/2021' '14:39:59' 
561.9471833705902 1.0 2.2 312.0625 326.40625 319.5 224.46875 '05/08/2021' '14:40:02' 
564.745260477066 1.0 2.2 311.125 324.40625 313.90625 222.71875 '05/08/2021' '14:40:05' 
567.5507159233093 1.0 2.2 323.90625 309.90625 314.96875 208.5625 '05/08/2021' '14:40:08' 
570.3777356147766 1.0 2.1 344.59375 317.1875 297.625 151.375 '05/08/2021' '14:40:10' 
573.1970615386963 1.0 2.0 327.5 319.4375 309.59375 211.15625 '05/08/2021' '14:40:13' 
575.9963746070862 1.0 2.0 292.8125 311.0625 298.34375 205.875 '05/08/2021' '14:40:16' 
578.7789454460144 1.0 2.0 280.375 315.6875 315.96875 232.3125 '05/08/2021' '14:40:19' 
581.6003818511963 1.0 2.0 282.40625 306.96875 320.90625 234.5625 '05/08/2021' '14:40:22' 
584.3987572193146 1.0 2.0 316.78125 319.625 291.90625 147.46875 '05/08/2021' '14:40:24' 
587.2229306697845 1.0 2.0 334.34375 313.59375 343.09375 266.375 '05/08/2021' '14:40:27' 
590.0580315589905 1.0 2.0 285.15625 316.34375 355.90625 291.75 '05/08/2021' '14:40:30' 
592.8318290710449 0.9 1.9 242.96875 301.1875 331.9375 172.34375 '05/08/2021' '14:40:33' 
595.6855499744415 0.9 1.9 308.0625 311.4375 364.375 302.78125 '05/08/2021' '14:40:36' 
598.5336480140686 0.9 1.9 233.34375 310.5625 380.9375 291.0 '05/08/2021' '14:40:39' 
601.5531640052795 0.9 2.1 238.875 314.84375 391.125 314.125 '05/08/2021' '14:40:42' 
604.2905900478363 0.9 2.1 295.125 314.4375 415.46875 331.21875 '05/08/2021' '14:40:44' 
607.040830373764 0.9 2.3 351.375 333.90625 413.53125 326.46875 '05/08/2021' '14:40:47' 
609.8007819652557 0.9 2.3 272.90625 318.28125 413.03125 323.6875 '05/08/2021' '14:40:50' 
612.5549721717834 0.9 2.1 240.21875 306.53125 426.65625 325.96875 '05/08/2021' '14:40:53' 
615.3647639751434 0.9 2.1 286.59375 327.34375 434.3125 327.03125 '05/08/2021' '14:40:55' 
618.1260712146759 0.9 2.1 283.875 305.0 431.9375 316.0625 '05/08/2021' '14:40:58' 
620.9162917137146 0.9 1.3 267.15625 312.9375 412.40625 272.34375 '05/08/2021' '14:41:01' 
623.72713804245 0.9 1.3 318.3125 332.6875 444.875 334.75 '05/08/2021' '14:41:04' 
626.4913771152496 0.9 1.4 249.21875 259.0 434.375 328.34375 '05/08/2021' '14:41:07' 
629.2620522975922 0.9 1.3 285.96875 290.625 433.625 334.3125 '05/08/2021' '14:41:09' 
632.6823809146881 0.9 1.0 284.21875 337.5625 419.4375 338.0 '05/08/2021' '14:41:13' 
635.4475381374359 0.9 1.0 319.1875 341.5 428.3125 342.46875 '05/08/2021' '14:41:16' 
638.1992511749268 0.9 1.0 276.34375 305.46875 432.3125 354.625 '05/08/2021' '14:41:18' 
640.9671125411987 0.9 1.0 308.28125 327.0 437.34375 357.09375 '05/08/2021' '14:41:21' 
643.7597563266754 0.8 1.0 309.5625 320.625 438.0625 329.78125 '05/08/2021' '14:41:24' 
646.5729265213013 0.8 1.8 307.75 317.53125 441.03125 376.21875 '05/08/2021' '14:41:27' 
649.4019420146942 0.8 1.8 296.09375 311.40625 421.5625 307.625 '05/08/2021' '14:41:29' 
652.1618597507477 0.8 1.8 294.40625 315.4375 429.875 366.78125 '05/08/2021' '14:41:32' 
654.9262685775757 0.8 1.8 285.71875 313.375 437.75 377.65625 '05/08/2021' '14:41:35' 
657.7283806800842 0.8 2.3 289.1875 316.46875 419.84375 319.09375 '05/08/2021' '14:41:38' 
660.5104207992554 0.8 2.3 304.40625 322.78125 421.8125 365.6875 '05/08/2021' '14:41:41' 
663.3099925518036 0.8 2.3 288.6875 314.84375 370.125 284.625 '05/08/2021' '14:41:43' 
666.0790605545044 0.9 2.5 302.9375 317.40625 395.75 326.9375 '05/08/2021' '14:41:46' 
668.8514502048492 0.9 2.5 278.78125 304.96875 317.84375 193.875 '05/08/2021' '14:41:49' 
671.6598362922668 0.8 2.4 291.25 319.59375 364.28125 293.28125 '05/08/2021' '14:41:52' 
674.4847416877747 0.8 2.4 275.46875 310.71875 339.21875 257.625 '05/08/2021' '14:41:55' 
677.2711842060089 0.9 2.8 271.1875 295.375 327.40625 250.75 '05/08/2021' '14:41:57' 
680.0562107563019 0.9 2.8 294.34375 318.1875 362.03125 295.84375 '05/08/2021' '14:42:00' 
682.8035416603088 0.9 2.9 275.75 290.21875 369.4375 278.78125 '05/08/2021' '14:42:03' 
685.5837466716766 0.8 3.5 266.71875 281.875 348.09375 288.65625 '05/08/2021' '14:42:06' 
688.3600149154663 0.8 3.5 341.625 391.3125 377.34375 333.78125 '05/08/2021' '14:42:08' 
691.122339963913 0.8 3.2 268.5625 335.34375 339.03125 269.875 '05/08/2021' '14:42:11' 
693.9107789993286 0.8 3.2 297.78125 296.625 372.6875 322.8125 '05/08/2021' '14:42:14' 
696.7317781448364 0.8 3.2 255.25 308.6875 383.125 287.3125 '05/08/2021' '14:42:17' 
699.5677514076233 0.8 3.2 297.90625 332.21875 402.9375 370.96875 '05/08/2021' '14:42:20' 
702.3957676887512 0.8 3.2 287.8125 316.09375 395.5 335.1875 '05/08/2021' '14:42:22' 
705.2061696052551 0.8 3.3 278.5 308.5 428.34375 407.5 '05/08/2021' '14:42:25' 
707.9771065711975 0.8 3.3 270.34375 287.125 426.71875 410.4375 '05/08/2021' '14:42:28' 
710.7285933494568 0.8 3.2 302.09375 317.3125 412.78125 360.59375 '05/08/2021' '14:42:31' 
713.4866945743561 0.8 3.3 306.875 328.78125 414.1875 398.3125 '05/08/2021' '14:42:34' 
716.28568816185 0.8 3.3 284.21875 324.5625 377.5 363.71875 '05/08/2021' '14:42:36' 
719.0637459754944 0.8 3.3 312.21875 334.3125 383.53125 322.15625 '05/08/2021' '14:42:39' 
721.8539729118347 0.8 3.4 337.5625 370.125 369.75 323.09375 '05/08/2021' '14:42:42' 
724.6649131774902 0.8 3.3 349.875 343.78125 364.90625 377.15625 '05/08/2021' '14:42:45' 
727.4219179153442 0.8 3.3 314.5 330.03125 373.6875 395.84375 '05/08/2021' '14:42:47' 
730.179783821106 0.8 3.5 305.5 331.40625 361.125 392.40625 '05/08/2021' '14:42:50' 
732.9408209323883 0.8 3.5 272.90625 297.28125 342.78125 367.3125 '05/08/2021' '14:42:53' 
735.7038984298706 0.8 3.5 238.25 285.09375 347.0 394.84375 '05/08/2021' '14:42:56' 
738.4585089683533 0.8 3.6 244.21875 298.875 328.21875 398.53125 '05/08/2021' '14:42:59' 
741.2771236896515 0.8 3.3 278.34375 312.3125 349.84375 400.9375 '05/08/2021' '14:43:01' 
744.0440948009491 0.8 3.4 263.1875 307.09375 339.625 374.78125 '05/08/2021' '14:43:04' 
746.8538196086884 0.7 3.4 291.9375 322.8125 319.4375 324.75 '05/08/2021' '14:43:07' 
749.7161386013031 0.8 4.1 351.34375 362.09375 343.625 411.0 '05/08/2021' '14:43:10' 
752.5408854484558 0.8 4.2 290.625 273.40625 331.75 384.5625 '05/08/2021' '14:43:13' 
755.3228061199188 0.8 4.2 190.0 240.9375 305.4375 336.40625 '05/08/2021' '14:43:15' 
758.1574816703796 0.8 4.2 304.5 289.21875 332.59375 418.9375 '05/08/2021' '14:43:18' 
760.9138841629028 0.8 3.8 286.5625 334.78125 335.8125 432.59375 '05/08/2021' '14:43:21' 
763.7393937110901 0.8 3.7 259.4375 303.375 319.8125 332.6875 '05/08/2021' '14:43:24' 
766.5108149051666 0.7 3.7 256.15625 289.84375 353.25 464.78125 '05/08/2021' '14:43:27' 
769.2900655269623 0.8 3.0 267.875 302.9375 300.46875 378.5 '05/08/2021' '14:43:29' 
772.1102409362793 0.8 3.0 282.15625 312.03125 318.5 429.53125 '05/08/2021' '14:43:32' 
774.8985521793365 0.8 3.0 350.0 321.0625 300.9375 348.25 '05/08/2021' '14:43:35' 
777.702127456665 0.8 3.0 286.1875 292.875 303.59375 407.75 '05/08/2021' '14:43:38' 
780.4776427745819 0.8 3.0 273.96875 315.90625 308.75 426.9375 '05/08/2021' '14:43:41' 
783.2756748199463 0.8 3.2 278.90625 301.4375 258.09375 290.4375 '05/08/2021' '14:43:43' 
786.0485217571259 0.8 3.2 278.75 296.875 290.15625 400.4375 '05/08/2021' '14:43:46' 
788.8234694004059 0.7 3.0 302.40625 320.3125 249.6875 323.8125 '05/08/2021' '14:43:49' 
791.6258628368378 0.7 3.0 294.34375 314.5625 259.96875 356.84375 '05/08/2021' '14:43:52' 
794.4232594966888 0.7 3.0 288.1875 305.71875 244.78125 345.96875 '05/08/2021' '14:43:55' 
797.2510948181152 0.7 2.9 260.75 288.15625 218.34375 271.40625 '05/08/2021' '14:43:57' 
800.0883429050446 0.7 2.9 282.625 296.1875 205.53125 297.75 '05/08/2021' '14:44:00' 
802.8618803024292 0.7 2.9 285.6875 328.53125 207.75 224.875 '05/08/2021' '14:44:03' 
805.6639492511749 0.7 2.8 278.75 313.84375 208.6875 294.96875 '05/08/2021' '14:44:06' 
808.447432756424 0.7 2.8 277.21875 296.21875 184.96875 267.15625 '05/08/2021' '14:44:09' 
811.251734495163 0.7 2.8 260.78125 279.0 192.1875 280.46875 '05/08/2021' '14:44:11' 
814.0249440670013 0.7 1.9 290.03125 309.34375 178.875 259.46875 '05/08/2021' '14:44:14' 
816.7824478149414 0.7 1.8 297.34375 314.3125 167.125 197.09375 '05/08/2021' '14:44:17' 
819.6145868301392 0.7 1.8 283.0 301.15625 160.65625 259.75 '05/08/2021' '14:44:20' 
822.4169926643372 0.7 1.8 258.5 278.4375 145.40625 222.09375 '05/08/2021' '14:44:22' 
825.2318978309631 0.6 1.8 266.21875 284.59375 157.40625 239.25 '05/08/2021' '14:44:25' 
828.0318932533264 0.6 1.7 296.78125 308.9375 155.0625 255.125 '05/08/2021' '14:44:28' 
830.7979772090912 0.6 1.7 299.0625 290.125 136.65625 210.6875 '05/08/2021' '14:44:31' 
833.549103975296 0.6 0.8 278.53125 292.59375 159.3125 264.75 '05/08/2021' '14:44:34' 
836.3451752662659 0.6 0.7 268.34375 306.4375 137.875 172.21875 '05/08/2021' '14:44:36' 
839.1211824417114 0.6 3.1 268.65625 319.90625 161.84375 260.125 '05/08/2021' '14:44:39' 
841.8906872272491 0.6 3.1 236.78125 280.6875 156.34375 264.4375 '05/08/2021' '14:44:42' 
844.6675317287445 0.6 3.1 319.8125 350.40625 137.5625 247.5 '05/08/2021' '14:44:45' 
847.4804313182831 0.6 3.1 265.75 292.34375 178.53125 296.0625 '05/08/2021' '14:44:48' 
850.256031036377 0.6 3.1 243.96875 268.875 146.3125 175.53125 '05/08/2021' '14:44:50' 
853.0476112365723 0.6 3.1 293.0 308.03125 209.625 331.71875 '05/08/2021' '14:44:53' 
855.8330173492432 0.6 3.1 307.0625 323.46875 188.0625 275.78125 '05/08/2021' '14:44:56' 
858.6605513095856 0.5 3.1 304.5 315.0 220.8125 346.5625 '05/08/2021' '14:44:59' 
861.4340305328369 0.5 3.1 295.34375 314.5625 251.84375 377.125 '05/08/2021' '14:45:02' 
864.2401568889618 0.5 3.1 247.625 274.6875 225.75 299.34375 '05/08/2021' '14:45:04' 
867.024471282959 0.5 3.0 316.65625 342.21875 241.75 381.375 '05/08/2021' '14:45:07' 
869.8715834617615 0.5 3.0 279.6875 312.9375 238.96875 327.8125 '05/08/2021' '14:45:10' 
872.7159297466278 0.5 3.0 260.78125 287.96875 245.8125 366.125 '05/08/2021' '14:45:13' 
875.5660684108734 0.5 3.0 276.0625 293.9375 233.65625 330.78125 '05/08/2021' '14:45:16' 
878.3836362361908 0.6 3.0 311.6875 313.15625 223.25 353.15625 '05/08/2021' '14:45:18' 
881.1763010025024 0.6 3.3 278.5 296.03125 237.3125 366.4375 '05/08/2021' '14:45:21' 
883.9874179363251 0.6 3.3 301.3125 307.0 247.8125 376.125 '05/08/2021' '14:45:24' 
886.7706971168518 0.6 3.4 303.40625 282.46875 226.65625 269.0625 '05/08/2021' '14:45:27' 
889.5996203422546 0.6 3.4 374.5625 311.5 229.9375 357.0 '05/08/2021' '14:45:30' 
892.4234249591827 0.7 3.5 245.03125 283.46875 233.78125 353.5625 '05/08/2021' '14:45:33' 
895.2697632312775 0.7 3.5 240.5 284.9375 218.84375 309.96875 '05/08/2021' '14:45:35' 
898.0640814304352 0.6 3.5 279.21875 309.0625 229.5 334.15625 '05/08/2021' '14:45:38' 
900.8780190944672 0.6 3.4 282.71875 304.375 203.375 328.25 '05/08/2021' '14:45:41' 
903.6540470123291 0.7 3.5 273.34375 295.75 193.3125 312.9375 '05/08/2021' '14:45:44' 
906.4588017463684 0.6 3.4 276.34375 292.75 191.28125 293.5625 '05/08/2021' '14:45:47' 
909.2399108409882 0.6 3.2 267.1875 302.75 118.0625 183.34375 '05/08/2021' '14:45:49' 
912.0427312850952 0.6 3.2 265.0625 290.75 173.5625 284.375 '05/08/2021' '14:45:52' 
914.8187074661255 0.6 3.2 317.3125 348.96875 143.09375 239.59375 '05/08/2021' '14:45:55' 
917.6200613975525 0.6 3.2 283.3125 309.875 142.34375 260.34375 '05/08/2021' '14:45:58' 
920.4294996261597 0.7 3.3 293.9375 317.90625 156.5 254.6875 '05/08/2021' '14:46:01' 
923.2652332782745 0.7 1.2 289.53125 295.5625 131.125 189.375 '05/08/2021' '14:46:03' 
926.3382115364075 0.7 1.4 301.15625 309.6875 108.625 176.65625 '05/08/2021' '14:46:06' 
929.1405336856842 0.7 1.4 306.125 300.8125 150.625 273.1875 '05/08/2021' '14:46:09' 
931.9252541065216 0.7 1.4 281.5 296.84375 160.9375 277.1875 '05/08/2021' '14:46:12' 
934.7547013759613 0.7 1.4 303.71875 289.59375 156.65625 295.125 '05/08/2021' '14:46:15' 
937.5475425720215 0.7 1.3 304.28125 311.9375 176.875 295.9375 '05/08/2021' '14:46:18' 
940.3541316986084 0.7 1.4 252.3125 282.0 150.65625 278.03125 '05/08/2021' '14:46:20' 
943.1337332725525 0.7 1.4 281.3125 311.71875 194.875 344.9375 '05/08/2021' '14:46:23' 
945.9672839641571 0.7 1.4 268.625 294.09375 196.90625 341.40625 '05/08/2021' '14:46:26' 
948.7950847148895 0.7 1.4 287.125 293.34375 188.5 283.46875 '05/08/2021' '14:46:29' 
951.585177898407 0.7 1.4 306.5 316.46875 187.59375 324.9375 '05/08/2021' '14:46:32' 
954.3822727203369 0.7 1.4 275.40625 300.34375 209.21875 365.6875 '05/08/2021' '14:46:34' 
957.1868844032288 0.7 1.4 316.59375 323.375 207.46875 328.9375 '05/08/2021' '14:46:37' 
960.2116501331329 0.7 1.4 264.15625 294.34375 202.34375 270.84375 '05/08/2021' '14:46:40' 
963.0454189777374 0.7 1.4 302.34375 310.625 203.4375 346.21875 '05/08/2021' '14:46:43' 
965.852751493454 0.7 1.2 300.6875 318.03125 171.78125 246.46875 '05/08/2021' '14:46:46' 
968.6919493675232 0.7 1.2 276.9375 294.96875 218.78125 361.28125 '05/08/2021' '14:46:49' 
971.5793302059174 0.7 1.1 279.3125 288.0625 210.71875 337.34375 '05/08/2021' '14:46:52' 
974.4350349903107 0.7 1.1 281.09375 316.28125 203.4375 335.4375 '05/08/2021' '14:46:55' 
977.2251083850861 0.7 1.0 277.40625 304.28125 225.15625 315.1875 '05/08/2021' '14:46:57' 
980.0758349895477 0.7 1.1 290.96875 305.6875 224.09375 364.5 '05/08/2021' '14:47:00' 
982.9071702957153 0.7 1.1 300.875 320.0625 229.1875 355.6875 '05/08/2021' '14:47:03' 
985.7120809555054 0.7 1.2 302.96875 315.40625 235.28125 364.5625 '05/08/2021' '14:47:06' 
988.5056607723236 0.7 1.2 247.875 277.4375 230.625 355.4375 '05/08/2021' '14:47:09' 
991.2916791439056 0.7 1.2 314.15625 355.125 222.0625 344.3125 '05/08/2021' '14:47:11' 
994.1263494491577 0.8 1.2 297.09375 287.65625 216.71875 331.65625 '05/08/2021' '14:47:14' 
996.9485774040222 0.8 1.2 356.9375 318.84375 237.25 370.6875 '05/08/2021' '14:47:17' 
999.7711725234985 0.8 1.2 338.4375 307.5625 203.625 271.0 '05/08/2021' '14:47:20' 
1002.5850720405579 0.8 1.2 280.9375 287.5 253.90625 384.5625 '05/08/2021' '14:47:23' 
1005.355774641037 0.8 1.2 284.3125 305.8125 221.0625 329.65625 '05/08/2021' '14:47:25' 
1008.3235533237457 0.8 0.9 285.28125 298.28125 225.21875 277.21875 '05/08/2021' '14:47:28' 
1011.1345796585083 0.8 1.0 274.96875 312.03125 237.3125 353.46875 '05/08/2021' '14:47:31' 
1013.9037029743195 0.8 1.1 276.40625 313.53125 226.59375 327.375 '05/08/2021' '14:47:34' 
1016.7113325595856 0.8 1.1 249.15625 275.40625 247.65625 363.53125 '05/08/2021' '14:47:37' 
1019.5242154598236 0.8 1.1 296.0625 315.75 226.875 340.8125 '05/08/2021' '14:47:40' 
1022.3456556797028 0.8 1.0 265.15625 291.0625 187.125 242.0625 '05/08/2021' '14:47:42' 
1025.1808106899261 0.8 1.0 295.90625 316.59375 224.84375 328.90625 '05/08/2021' '14:47:45' 
1027.9487435817719 0.8 1.0 296.96875 313.09375 207.65625 311.5625 '05/08/2021' '14:47:48' 
1030.774150133133 0.8 1.0 290.75 305.0625 192.59375 219.03125 '05/08/2021' '14:47:51' 
1033.5535140037537 0.8 1.2 297.3125 299.1875 217.875 297.84375 '05/08/2021' '14:47:54' 
1036.3639552593231 0.8 1.1 306.3125 300.75 195.9375 258.40625 '05/08/2021' '14:47:56' 
1039.1495082378387 0.8 1.8 311.03125 304.34375 215.6875 314.875 '05/08/2021' '14:47:59' 
1041.965529203415 0.9 1.8 311.90625 309.46875 207.28125 309.21875 '05/08/2021' '14:48:02' 
1044.783974647522 0.9 1.8 302.0 315.375 166.84375 213.375 '05/08/2021' '14:48:05' 
1047.5932323932648 0.9 1.8 298.0 300.28125 195.4375 301.0 '05/08/2021' '14:48:08' 
1050.4274351596832 0.8 2.3 279.84375 308.15625 202.25 283.78125 '05/08/2021' '14:48:11' 
1053.231389760971 0.8 2.2 271.3125 299.65625 183.46875 246.9375 '05/08/2021' '14:48:13' 
1056.0186908245087 0.9 2.2 283.65625 299.71875 183.8125 267.5 '05/08/2021' '14:48:16' 
1058.8842406272888 0.9 2.2 300.96875 295.59375 153.78125 224.78125 '05/08/2021' '14:48:19' 
1061.728842973709 0.9 2.2 297.03125 302.03125 158.78125 259.28125 '05/08/2021' '14:48:22' 
1064.5265095233917 0.9 2.4 260.59375 309.59375 177.59375 253.78125 '05/08/2021' '14:48:25' 
1067.350513935089 0.9 2.4 277.78125 307.71875 137.875 153.28125 '05/08/2021' '14:48:27' 
1070.222776889801 0.8 2.4 305.34375 320.15625 140.0 166.96875 '05/08/2021' '14:48:30' 
1073.0986108779907 0.8 2.4 323.5 301.5 153.8125 255.21875 '05/08/2021' '14:48:33' 
1075.8948600292206 0.8 2.4 294.5 293.0 129.625 236.90625 '05/08/2021' '14:48:36' 
1078.6917724609375 0.8 2.5 296.15625 278.0 156.90625 265.78125 '05/08/2021' '14:48:39' 
1081.4611232280731 0.9 2.5 300.4375 311.3125 155.53125 262.84375 '05/08/2021' '14:48:42' 
1084.236486673355 0.9 2.6 300.03125 314.78125 143.625 192.21875 '05/08/2021' '14:48:44' 
1087.026654958725 0.9 2.6 313.71875 311.28125 167.75 273.75 '05/08/2021' '14:48:47' 
1089.797712802887 0.9 2.5 313.6875 313.90625 156.6875 252.375 '05/08/2021' '14:48:50' 
1092.5935497283936 0.9 3.0 244.96875 304.8125 162.5 269.1875 '05/08/2021' '14:48:53' 
1095.4067902565002 0.9 2.7 261.84375 300.375 164.5625 275.375 '05/08/2021' '14:48:55' 
1098.1820917129517 0.9 2.7 293.96875 312.09375 171.15625 227.28125 '05/08/2021' '14:48:58' 
1100.9873945713043 0.9 2.7 281.28125 289.0 171.8125 279.6875 '05/08/2021' '14:49:01' 
1103.7922410964966 0.9 2.7 292.0625 286.28125 145.28125 231.59375 '05/08/2021' '14:49:04' 
1106.5798561573029 1.0 2.7 308.6875 306.3125 205.90625 316.28125 '05/08/2021' '14:49:07' 
1109.3893711566925 1.0 2.7 315.0 307.78125 197.09375 299.53125 '05/08/2021' '14:49:09' 
1112.1619107723236 1.0 2.7 286.78125 314.65625 228.59375 335.28125 '05/08/2021' '14:49:12' 
1114.9648623466492 1.0 2.7 246.5625 291.1875 232.59375 328.84375 '05/08/2021' '14:49:15' 
1117.7540922164917 1.0 2.5 327.34375 293.9375 196.1875 199.375 '05/08/2021' '14:49:18' 
1120.5851383209229 1.0 2.5 335.4375 310.90625 238.71875 319.46875 '05/08/2021' '14:49:21' 
1123.43141913414 0.9 1.9 317.875 309.59375 228.34375 317.0625 '05/08/2021' '14:49:24' 
1126.29252743721 0.9 1.9 276.125 302.4375 219.875 291.1875 '05/08/2021' '14:49:26' 
1129.114445924759 0.9 1.9 240.53125 307.75 220.65625 318.03125 '05/08/2021' '14:49:29' 
1131.917541027069 0.9 3.0 243.0 306.21875 249.5625 344.75 '05/08/2021' '14:49:32' 
1134.7716319561005 0.9 2.6 260.21875 308.34375 189.21875 266.65625 '05/08/2021' '14:49:35' 
1137.621164560318 0.9 2.7 255.40625 296.28125 221.5625 313.28125 '05/08/2021' '14:49:38' 
1140.4740996360779 1.0 2.7 288.09375 311.75 213.375 302.125 '05/08/2021' '14:49:41' 
1143.3236746788025 1.0 2.7 277.0 293.4375 192.25 210.1875 '05/08/2021' '14:49:43' 
1146.1963763237 1.0 2.9 300.4375 303.53125 229.21875 274.84375 '05/08/2021' '14:49:46' 
1149.0307805538177 1.0 2.6 307.71875 297.375 217.90625 305.0 '05/08/2021' '14:49:49' 
1151.8712494373322 1.0 2.6 337.5625 299.78125 196.53125 239.65625 '05/08/2021' '14:49:52' 
1154.6765847206116 1.0 2.6 325.0 303.96875 236.625 324.96875 '05/08/2021' '14:49:55' 
1157.4862542152405 1.0 2.6 307.8125 302.6875 237.59375 329.125 '05/08/2021' '14:49:58' 
1160.2912895679474 1.0 2.6 292.71875 307.84375 202.15625 223.65625 '05/08/2021' '14:50:00' 
1163.0740461349487 1.0 2.5 283.0 304.6875 236.28125 328.3125 '05/08/2021' '14:50:03' 
1165.8920681476593 0.9 3.4 303.375 308.28125 214.96875 275.53125 '05/08/2021' '14:50:06' 
1171.645251274109 0.9 3.4 306.84375 301.0 218.15625 308.53125 '05/08/2021' '14:50:12' 
1175.0707733631134 0.9 3.4 362.875 307.40625 205.15625 299.34375 '05/08/2021' '14:50:15' 
