'time_elapsed' 'pm25 [ug]/m3' 'pm10 [ug]/m3' 'WE_NO2  [mV] ' 'AE_NO2  [mV] ' 'WE_CO  [mV] ' 'AE_CO [mV]' 'data' 'ora' 
5.4836273193359375e-06 1.2 5.5 300.15625 299.125 509.15625 304.875 '05/08/2021' '12:34:51' 
4.338271141052246 1.2 5.4 293.1875 288.5625 491.375 347.375 '05/08/2021' '12:34:55' 
7.036996841430664 1.1 4.0 312.59375 312.46875 501.25 396.78125 '05/08/2021' '12:34:57' 
10.160154819488525 1.1 3.9 307.4375 302.53125 490.15625 388.9375 '05/08/2021' '12:35:01' 
13.02521800994873 1.1 4.0 296.6875 302.5625 478.1875 387.9375 '05/08/2021' '12:35:03' 
15.763081312179565 1.1 4.7 290.8125 298.875 446.46875 334.15625 '05/08/2021' '12:35:06' 
18.58218741416931 1.1 4.7 303.96875 300.4375 459.4375 382.46875 '05/08/2021' '12:35:09' 
21.387660026550293 0.7 2.5 280.1875 279.78125 437.9375 369.53125 '05/08/2021' '12:35:12' 
24.12783694267273 0.8 2.6 292.6875 299.5625 431.21875 357.5625 '05/08/2021' '12:35:15' 
26.890405416488647 0.8 2.5 308.59375 303.96875 415.84375 341.59375 '05/08/2021' '12:35:17' 
29.561686754226685 0.8 2.6 311.59375 305.0625 400.59375 335.6875 '05/08/2021' '12:35:20' 
32.325429916381836 0.7 2.5 315.4375 310.75 381.34375 321.65625 '05/08/2021' '12:35:23' 
35.078521966934204 0.7 2.5 301.03125 301.625 378.3125 335.53125 '05/08/2021' '12:35:26' 
37.84814667701721 0.7 2.6 306.875 297.5 366.96875 331.90625 '05/08/2021' '12:35:28' 
40.65153956413269 0.8 2.6 292.15625 304.75 365.96875 340.65625 '05/08/2021' '12:35:31' 
43.4571750164032 0.7 2.6 286.90625 295.21875 340.46875 278.34375 '05/08/2021' '12:35:34' 
46.18975377082825 0.7 2.8 364.4375 303.15625 356.4375 334.9375 '05/08/2021' '12:35:37' 
48.89285492897034 0.7 2.8 377.03125 291.90625 354.875 330.28125 '05/08/2021' '12:35:39' 
51.61362838745117 0.7 4.2 239.8125 297.46875 351.6875 325.375 '05/08/2021' '12:35:42' 
54.344862937927246 0.8 5.1 274.96875 295.71875 319.625 228.375 '05/08/2021' '12:35:45' 
57.074095010757446 0.9 6.1 300.6875 281.78125 326.875 306.78125 '05/08/2021' '12:35:48' 
59.841779708862305 0.9 6.0 279.5625 304.09375 317.25 295.28125 '05/08/2021' '12:35:50' 
62.54500126838684 0.9 6.1 260.8125 297.34375 308.6875 282.96875 '05/08/2021' '12:35:53' 
65.26374554634094 0.9 6.2 261.5 293.09375 284.15625 213.09375 '05/08/2021' '12:35:56' 
67.98675012588501 0.9 6.2 274.53125 301.34375 292.0 268.28125 '05/08/2021' '12:35:58' 
70.74385380744934 0.9 5.6 313.3125 300.21875 291.71875 270.75 '05/08/2021' '12:36:01' 
73.53736758232117 0.9 5.8 303.46875 298.625 284.84375 264.3125 '05/08/2021' '12:36:04' 
76.27017140388489 0.9 5.8 265.15625 293.40625 278.96875 253.125 '05/08/2021' '12:36:07' 
79.02282094955444 0.9 5.8 272.03125 298.3125 282.15625 263.03125 '05/08/2021' '12:36:09' 
81.79933500289917 0.9 5.8 294.5625 295.53125 241.875 114.25 '05/08/2021' '12:36:12' 
84.6547908782959 0.9 5.8 298.53125 304.65625 266.15625 245.125 '05/08/2021' '12:36:15' 
87.37212252616882 0.9 5.8 299.84375 290.09375 261.53125 210.1875 '05/08/2021' '12:36:18' 
90.04390621185303 0.9 5.8 312.96875 296.3125 263.8125 230.625 '05/08/2021' '12:36:20' 
92.75105166435242 0.9 5.8 295.0625 297.4375 260.6875 239.84375 '05/08/2021' '12:36:23' 
95.4161114692688 0.9 5.8 256.9375 294.78125 270.3125 238.46875 '05/08/2021' '12:36:26' 
98.14756202697754 0.9 5.0 306.71875 299.28125 260.1875 224.5 '05/08/2021' '12:36:29' 
100.88270926475525 1.0 5.0 281.40625 294.375 258.0 220.25 '05/08/2021' '12:36:31' 
103.61715769767761 1.0 6.0 322.3125 302.40625 263.25 232.46875 '05/08/2021' '12:36:34' 
106.33820962905884 1.0 6.0 278.1875 296.84375 268.71875 232.46875 '05/08/2021' '12:36:37' 
109.09512519836426 1.0 6.1 287.65625 308.5 277.21875 223.96875 '05/08/2021' '12:36:40' 
111.79709339141846 1.0 6.1 267.90625 297.40625 275.125 227.5 '05/08/2021' '12:36:42' 
114.54252457618713 1.0 6.1 288.875 297.0 272.15625 209.53125 '05/08/2021' '12:36:45' 
117.30415916442871 1.0 6.1 291.03125 300.53125 263.1875 188.28125 '05/08/2021' '12:36:48' 
120.05648875236511 1.0 6.1 290.65625 299.03125 280.84375 224.03125 '05/08/2021' '12:36:51' 
122.81621813774109 1.0 6.1 303.90625 304.09375 262.78125 173.25 '05/08/2021' '12:36:53' 
125.56610250473022 1.0 6.1 294.34375 298.71875 280.84375 214.875 '05/08/2021' '12:36:56' 
128.32594323158264 1.0 5.9 291.25 296.28125 269.9375 197.0 '05/08/2021' '12:36:59' 
131.0855679512024 1.1 5.9 296.65625 307.96875 277.90625 206.4375 '05/08/2021' '12:37:02' 
133.8365113735199 1.1 5.3 302.59375 302.5625 275.03125 162.9375 '05/08/2021' '12:37:04' 
136.6199700832367 0.9 3.8 304.53125 301.96875 269.53125 128.8125 '05/08/2021' '12:37:07' 
139.39622616767883 0.9 2.9 307.625 302.71875 280.90625 210.40625 '05/08/2021' '12:37:10' 
142.1792504787445 0.9 2.9 306.0 300.25 256.125 120.15625 '05/08/2021' '12:37:13' 
144.93578577041626 0.9 2.8 292.625 301.09375 278.875 205.875 '05/08/2021' '12:37:15' 
147.7025465965271 0.9 2.8 302.84375 301.5 250.375 119.3125 '05/08/2021' '12:37:18' 
150.52202773094177 0.9 2.8 302.0 306.15625 270.875 199.3125 '05/08/2021' '12:37:21' 
153.2740035057068 0.9 2.9 292.625 291.25 250.8125 158.21875 '05/08/2021' '12:37:24' 
156.094135761261 0.9 2.8 300.71875 296.65625 259.3125 181.4375 '05/08/2021' '12:37:27' 
158.87658643722534 0.9 2.8 301.96875 301.28125 254.03125 170.34375 '05/08/2021' '12:37:29' 
161.69216918945312 0.9 2.8 287.3125 301.75 246.90625 136.9375 '05/08/2021' '12:37:32' 
164.4768853187561 0.9 2.8 279.0625 292.3125 267.625 187.84375 '05/08/2021' '12:37:35' 
167.25102543830872 0.9 2.8 288.03125 299.78125 245.34375 63.09375 '05/08/2021' '12:37:38' 
170.04096364974976 0.9 2.8 299.90625 307.4375 282.375 208.9375 '05/08/2021' '12:37:40' 
172.80620098114014 0.9 2.8 310.53125 306.0 263.0625 142.09375 '05/08/2021' '12:37:43' 
175.57611179351807 1.0 2.8 327.0625 299.96875 295.90625 210.6875 '05/08/2021' '12:37:46' 
178.37985038757324 1.0 2.8 300.46875 301.625 301.125 220.78125 '05/08/2021' '12:37:49' 
181.1753523349762 1.0 2.8 278.71875 305.9375 312.75 189.34375 '05/08/2021' '12:37:52' 
183.9821071624756 0.9 3.5 289.59375 303.4375 325.15625 236.34375 '05/08/2021' '12:37:54' 
186.7625391483307 0.9 2.5 309.34375 295.1875 328.875 227.4375 '05/08/2021' '12:37:57' 
189.5874044895172 0.9 2.4 332.5 304.75 336.40625 252.75 '05/08/2021' '12:38:00' 
192.40347409248352 0.9 2.3 251.25 306.71875 346.40625 267.28125 '05/08/2021' '12:38:03' 
195.21199822425842 0.9 2.3 248.75 296.8125 329.71875 200.28125 '05/08/2021' '12:38:06' 
198.02500414848328 0.8 2.3 243.1875 280.90625 352.71875 273.09375 '05/08/2021' '12:38:08' 
200.8582398891449 0.9 2.3 325.90625 335.9375 358.0 266.09375 '05/08/2021' '12:38:11' 
203.66790008544922 0.9 2.4 267.3125 281.125 368.59375 301.5 '05/08/2021' '12:38:14' 
206.48536682128906 0.9 2.5 275.09375 293.40625 394.65625 320.59375 '05/08/2021' '12:38:17' 
209.3167016506195 0.9 2.5 292.90625 304.21875 400.375 315.875 '05/08/2021' '12:38:20' 
212.1435146331787 0.9 2.5 310.34375 307.5625 417.625 338.375 '05/08/2021' '12:38:23' 
214.97276902198792 0.9 2.6 297.125 308.875 426.0 374.25 '05/08/2021' '12:38:25' 
217.75857973098755 0.9 1.9 318.21875 284.65625 448.09375 392.0625 '05/08/2021' '12:38:28' 
220.57944774627686 0.9 1.9 310.625 303.1875 472.9375 420.0 '05/08/2021' '12:38:31' 
223.39537262916565 0.9 1.9 358.0 317.75 473.15625 423.0 '05/08/2021' '12:38:34' 
226.1940882205963 0.9 1.9 301.84375 314.9375 474.90625 421.53125 '05/08/2021' '12:38:37' 
228.9352536201477 0.9 1.9 294.28125 313.59375 462.75 415.6875 '05/08/2021' '12:38:39' 
231.67526245117188 0.9 1.8 258.65625 278.625 464.0625 355.21875 '05/08/2021' '12:38:42' 
234.41493320465088 0.9 1.9 276.4375 297.9375 460.53125 416.9375 '05/08/2021' '12:38:45' 
237.14197158813477 0.8 1.8 272.40625 291.625 455.4375 409.3125 '05/08/2021' '12:38:48' 
239.92270874977112 0.8 1.7 282.9375 295.78125 441.84375 378.78125 '05/08/2021' '12:38:50' 
242.68014430999756 0.8 1.7 283.625 299.03125 459.4375 385.6875 '05/08/2021' '12:38:53' 
245.46606516838074 0.8 1.8 302.375 301.9375 434.9375 386.46875 '05/08/2021' '12:38:56' 
248.44166803359985 0.8 2.2 308.09375 302.65625 423.375 376.96875 '05/08/2021' '12:38:59' 
251.24815344810486 0.8 2.9 300.8125 297.3125 404.96875 295.6875 '05/08/2021' '12:39:02' 
253.9935531616211 0.8 2.8 269.375 297.1875 397.71875 358.0 '05/08/2021' '12:39:04' 
256.72688341140747 0.8 2.8 307.25 310.6875 395.90625 351.3125 '05/08/2021' '12:39:07' 
259.47606682777405 0.8 2.8 289.65625 302.0 385.625 343.65625 '05/08/2021' '12:39:10' 
262.2280640602112 0.8 2.8 281.78125 276.6875 374.5 336.9375 '05/08/2021' '12:39:13' 
264.9759373664856 0.8 2.8 298.09375 308.4375 373.40625 332.9375 '05/08/2021' '12:39:15' 
267.70535159111023 0.8 2.2 283.28125 298.84375 353.9375 246.90625 '05/08/2021' '12:39:18' 
270.4665629863739 0.8 2.2 293.875 286.1875 368.25 320.71875 '05/08/2021' '12:39:21' 
273.2259020805359 0.8 2.2 301.84375 293.09375 332.34375 283.34375 '05/08/2021' '12:39:24' 
275.961443901062 0.8 2.2 295.5625 315.625 345.8125 294.625 '05/08/2021' '12:39:26' 
278.6949269771576 0.8 2.3 254.375 283.21875 329.4375 289.28125 '05/08/2021' '12:39:29' 
281.49057507514954 0.8 2.3 278.40625 294.5625 334.6875 303.84375 '05/08/2021' '12:39:32' 
284.28912138938904 0.8 2.3 268.6875 273.5 297.53125 227.09375 '05/08/2021' '12:39:35' 
287.05963826179504 0.8 2.2 295.71875 302.625 306.34375 276.625 '05/08/2021' '12:39:38' 
289.8603835105896 0.8 2.1 278.6875 293.5625 287.3125 200.84375 '05/08/2021' '12:39:40' 
292.63061809539795 0.8 3.2 276.125 286.3125 287.5625 269.15625 '05/08/2021' '12:39:43' 
295.4126892089844 0.8 3.2 279.84375 291.5 288.5 268.15625 '05/08/2021' '12:39:46' 
298.2330906391144 0.8 3.0 302.4375 305.0625 260.90625 212.3125 '05/08/2021' '12:39:49' 
301.00740671157837 0.8 3.0 299.0 304.21875 287.15625 298.53125 '05/08/2021' '12:39:51' 
303.8430030345917 0.7 3.3 304.78125 300.25 286.84375 257.34375 '05/08/2021' '12:39:54' 
306.5829999446869 0.7 3.3 302.5 306.4375 286.28125 313.46875 '05/08/2021' '12:39:57' 
309.3644254207611 0.8 3.3 309.625 298.71875 273.53125 293.8125 '05/08/2021' '12:40:00' 
312.0906467437744 0.8 3.3 290.15625 289.5625 264.03125 305.84375 '05/08/2021' '12:40:03' 
314.8729455471039 0.7 3.3 297.75 294.65625 249.3125 296.375 '05/08/2021' '12:40:05' 
317.6438446044922 0.8 3.2 287.875 286.71875 242.375 304.71875 '05/08/2021' '12:40:08' 
320.4371066093445 0.8 3.2 301.65625 305.21875 217.9375 273.5625 '05/08/2021' '12:40:11' 
323.2474150657654 0.8 3.2 304.5625 300.59375 162.25 184.65625 '05/08/2021' '12:40:14' 
326.0129544734955 0.8 3.2 293.0625 295.78125 189.8125 263.25 '05/08/2021' '12:40:16' 
328.76862931251526 0.8 3.1 302.0 296.78125 174.25 255.90625 '05/08/2021' '12:40:19' 
331.5589601993561 0.8 3.0 295.75 291.75 155.8125 246.28125 '05/08/2021' '12:40:22' 
334.3424837589264 0.8 2.4 296.71875 291.125 146.875 243.5 '05/08/2021' '12:40:25' 
337.1076114177704 0.8 2.4 312.34375 298.3125 145.15625 247.40625 '05/08/2021' '12:40:28' 
339.8631510734558 0.8 2.4 304.0 294.75 127.15625 213.125 '05/08/2021' '12:40:30' 
342.6195571422577 0.7 2.4 315.75 297.40625 130.0 240.46875 '05/08/2021' '12:40:33' 
345.39204120635986 0.7 2.4 318.65625 296.96875 118.6875 217.625 '05/08/2021' '12:40:36' 
348.1977071762085 0.7 2.4 316.65625 298.1875 89.0 105.3125 '05/08/2021' '12:40:39' 
350.9610023498535 0.7 3.2 292.625 297.53125 106.8125 216.9375 '05/08/2021' '12:40:41' 
353.7181866168976 0.7 3.2 314.28125 296.03125 78.03125 98.5 '05/08/2021' '12:40:44' 
356.5052020549774 0.7 3.3 290.1875 295.375 108.625 217.6875 '05/08/2021' '12:40:47' 
359.27816939353943 0.7 3.2 294.65625 292.84375 95.71875 178.15625 '05/08/2021' '12:40:50' 
362.02845668792725 0.7 3.4 312.9375 301.8125 103.21875 218.90625 '05/08/2021' '12:40:52' 
364.77862071990967 0.7 4.2 304.8125 298.90625 101.78125 212.25 '05/08/2021' '12:40:55' 
367.5279049873352 0.7 4.2 319.15625 299.0625 105.875 219.125 '05/08/2021' '12:40:58' 
370.2934672832489 0.7 4.2 313.90625 298.65625 97.78125 197.90625 '05/08/2021' '12:41:01' 
373.09934401512146 0.7 4.2 310.84375 300.5 108.84375 222.84375 '05/08/2021' '12:41:04' 
375.89512825012207 0.8 3.2 279.5 306.65625 106.75 210.28125 '05/08/2021' '12:41:06' 
378.62960863113403 0.8 3.2 246.78125 297.03125 115.21875 200.625 '05/08/2021' '12:41:09' 
381.41258668899536 0.8 3.1 259.15625 287.53125 112.78125 211.03125 '05/08/2021' '12:41:12' 
384.1822175979614 0.8 3.2 286.875 297.84375 109.21875 187.5625 '05/08/2021' '12:41:15' 
387.04387402534485 0.8 3.0 277.65625 277.375 117.875 214.28125 '05/08/2021' '12:41:17' 
389.8319411277771 0.8 3.0 293.375 283.6875 94.34375 146.90625 '05/08/2021' '12:41:20' 
392.6445121765137 0.8 3.4 278.375 304.03125 130.96875 214.53125 '05/08/2021' '12:41:23' 
395.40481996536255 0.8 3.4 277.28125 291.8125 117.40625 204.0625 '05/08/2021' '12:41:26' 
398.2076976299286 0.8 3.5 286.96875 303.6875 115.21875 107.625 '05/08/2021' '12:41:29' 
400.97693514823914 0.8 4.2 279.34375 299.03125 135.84375 218.3125 '05/08/2021' '12:41:31' 
403.7260625362396 0.9 4.3 303.53125 311.78125 145.84375 222.59375 '05/08/2021' '12:41:34' 
406.48422837257385 0.9 4.3 289.90625 296.25 144.3125 222.65625 '05/08/2021' '12:41:37' 
409.2431905269623 0.9 4.4 281.5 281.75 143.875 165.84375 '05/08/2021' '12:41:40' 
411.99626088142395 0.9 5.3 301.84375 313.46875 173.15625 258.71875 '05/08/2021' '12:41:42' 
414.7948794364929 0.9 5.0 259.59375 277.78125 165.5 161.125 '05/08/2021' '12:41:45' 
417.6020896434784 0.9 5.0 319.21875 317.46875 191.78125 282.78125 '05/08/2021' '12:41:48' 
420.3910541534424 0.9 5.0 279.1875 274.6875 184.1875 263.46875 '05/08/2021' '12:41:51' 
423.1804213523865 0.9 6.3 305.9375 304.5625 205.625 229.59375 '05/08/2021' '12:41:54' 
425.93049573898315 1.0 6.8 289.59375 290.625 219.1875 291.84375 '05/08/2021' '12:41:56' 
428.6920847892761 1.0 6.8 266.25 275.0 220.6875 267.84375 '05/08/2021' '12:41:59' 
431.4377100467682 1.0 6.8 298.65625 306.03125 214.625 261.25 '05/08/2021' '12:42:02' 
434.1985352039337 1.0 5.9 301.65625 312.09375 241.875 296.25 '05/08/2021' '12:42:05' 
436.94566082954407 1.0 5.9 273.25 276.03125 223.90625 275.5 '05/08/2021' '12:42:07' 
439.7020184993744 1.0 5.9 291.75 290.9375 236.96875 293.59375 '05/08/2021' '12:42:10' 
442.49415493011475 1.1 5.9 283.65625 298.0625 240.03125 297.375 '05/08/2021' '12:42:13' 
445.29159235954285 1.1 5.7 302.875 303.5625 220.5 232.84375 '05/08/2021' '12:42:16' 
448.10290336608887 1.0 5.0 321.125 309.375 248.53125 305.0625 '05/08/2021' '12:42:19' 
450.85776257514954 1.1 5.1 333.5 303.375 236.9375 271.34375 '05/08/2021' '12:42:21' 
453.65430521965027 1.0 5.0 314.6875 296.46875 246.59375 241.25 '05/08/2021' '12:42:24' 
456.43541169166565 1.0 5.0 320.84375 303.40625 240.875 300.40625 '05/08/2021' '12:42:27' 
459.2072112560272 1.0 4.9 323.1875 301.5625 233.46875 278.78125 '05/08/2021' '12:42:30' 
461.96364974975586 1.0 4.9 318.78125 300.125 228.375 280.375 '05/08/2021' '12:42:32' 
464.719979763031 1.0 4.9 272.5625 294.5625 220.375 240.0625 '05/08/2021' '12:42:35' 
467.4884476661682 1.0 4.9 277.875 295.5625 222.75 277.5625 '05/08/2021' '12:42:38' 
470.30775713920593 0.9 4.8 287.21875 296.65625 210.84375 246.21875 '05/08/2021' '12:42:41' 
473.1422860622406 1.1 7.8 349.53125 306.6875 205.84375 265.53125 '05/08/2021' '12:42:44' 
475.90271377563477 1.2 13.2 291.59375 291.625 194.71875 248.4375 '05/08/2021' '12:42:46' 
478.6647300720215 1.2 14.5 300.40625 301.59375 198.28125 248.6875 '05/08/2021' '12:42:49' 
481.47179341316223 1.3 14.4 293.5 303.40625 189.4375 231.09375 '05/08/2021' '12:42:52' 
484.2521505355835 1.3 13.7 287.0 303.5625 171.875 118.3125 '05/08/2021' '12:42:55' 
487.07235312461853 1.2 13.7 288.5 301.6875 197.75 257.71875 '05/08/2021' '12:42:58' 
489.86404752731323 1.2 13.6 287.375 319.6875 185.34375 224.28125 '05/08/2021' '12:43:00' 
492.62757682800293 1.2 13.6 313.4375 299.375 198.53125 249.84375 '05/08/2021' '12:43:03' 
495.39884066581726 1.2 14.4 331.78125 310.5625 188.78125 196.59375 '05/08/2021' '12:43:06' 
498.22296833992004 1.2 14.4 324.8125 307.8125 180.6875 216.59375 '05/08/2021' '12:43:09' 
500.991082906723 1.3 16.3 279.21875 300.59375 189.96875 234.125 '05/08/2021' '12:43:11' 
503.7961497306824 1.5 16.7 284.21875 303.65625 193.46875 199.53125 '05/08/2021' '12:43:14' 
506.5885236263275 1.6 15.5 285.15625 300.625 200.28125 248.3125 '05/08/2021' '12:43:17' 
509.37133169174194 1.6 15.0 288.34375 300.5 193.3125 236.6875 '05/08/2021' '12:43:20' 
512.1831755638123 1.7 15.1 309.84375 301.84375 196.03125 240.0 '05/08/2021' '12:43:23' 
514.9574017524719 1.8 15.1 304.3125 301.875 193.40625 238.71875 '05/08/2021' '12:43:25' 
517.7158057689667 1.9 15.1 314.5625 303.0 195.6875 238.96875 '05/08/2021' '12:43:28' 
520.4947597980499 2.0 15.1 312.9375 300.125 184.96875 221.71875 '05/08/2021' '12:43:31' 
523.3133060932159 2.1 15.2 310.84375 305.03125 163.0 159.0625 '05/08/2021' '12:43:34' 
526.1242036819458 2.3 15.2 290.65625 301.3125 187.78125 235.84375 '05/08/2021' '12:43:37' 
528.8985500335693 2.4 15.7 293.78125 300.0625 173.40625 178.375 '05/08/2021' '12:43:39' 
531.6672255992889 2.7 16.0 318.5625 300.3125 182.21875 228.6875 '05/08/2021' '12:43:42' 
534.4311661720276 2.7 15.9 315.5625 306.34375 171.03125 205.71875 '05/08/2021' '12:43:45' 
537.2242698669434 2.9 16.0 300.84375 303.65625 173.4375 199.8125 '05/08/2021' '12:43:48' 
540.0139625072479 3.0 16.4 312.21875 298.84375 171.34375 207.25 '05/08/2021' '12:43:50' 
542.7739653587341 3.2 16.4 306.5 304.25 152.40625 171.96875 '05/08/2021' '12:43:53' 
545.60458111763 3.3 16.4 256.21875 306.59375 161.1875 192.4375 '05/08/2021' '12:43:56' 
548.4230046272278 3.3 16.4 258.625 302.40625 160.59375 170.71875 '05/08/2021' '12:43:59' 
551.2016062736511 3.5 16.5 277.125 295.6875 147.75 176.03125 '05/08/2021' '12:44:02' 
553.9550957679749 3.6 16.5 272.59375 293.8125 152.21875 135.0625 '05/08/2021' '12:44:04' 
556.7370162010193 3.6 13.5 326.25 323.9375 149.9375 166.09375 '05/08/2021' '12:44:07' 
559.502655506134 3.7 7.8 293.6875 298.78125 165.59375 168.40625 '05/08/2021' '12:44:10' 
562.2577829360962 3.7 6.7 286.59375 302.1875 151.1875 123.09375 '05/08/2021' '12:44:13' 
565.0114760398865 3.8 6.7 286.875 302.21875 178.03125 191.96875 '05/08/2021' '12:44:15' 
567.7706756591797 3.8 6.7 294.9375 308.71875 176.5625 163.9375 '05/08/2021' '12:44:18' 
570.5899174213409 4.0 7.7 295.71875 305.6875 197.1875 207.53125 '05/08/2021' '12:44:21' 
573.3869676589966 4.1 8.1 319.4375 320.375 194.3125 199.125 '05/08/2021' '12:44:24' 
576.1882350444794 4.2 8.0 274.34375 292.53125 199.25 197.0625 '05/08/2021' '12:44:27' 
578.9565386772156 4.2 6.4 300.84375 314.5 204.03125 205.3125 '05/08/2021' '12:44:29' 
581.717139005661 4.3 6.4 291.4375 308.5625 204.65625 182.8125 '05/08/2021' '12:44:32' 
584.4797468185425 4.3 4.7 299.78125 296.0625 215.90625 219.0625 '05/08/2021' '12:44:35' 
587.2834038734436 4.2 4.6 288.3125 301.53125 214.90625 212.71875 '05/08/2021' '12:44:38' 
590.064523935318 4.1 4.5 306.1875 303.65625 215.875 191.28125 '05/08/2021' '12:44:41' 
592.8388946056366 4.2 4.7 292.90625 306.03125 226.96875 224.375 '05/08/2021' '12:44:43' 
595.62331199646 4.2 4.6 274.34375 291.5 220.75 218.21875 '05/08/2021' '12:44:46' 
598.4413387775421 4.1 4.5 268.59375 307.03125 244.40625 242.25 '05/08/2021' '12:44:49' 
601.2054433822632 4.1 4.5 270.6875 285.8125 224.375 185.5 '05/08/2021' '12:44:52' 
604.2176287174225 4.0 4.4 287.40625 298.71875 234.0625 180.9375 '05/08/2021' '12:44:55' 
606.98841381073 3.9 4.3 282.3125 302.125 241.5 255.84375 '05/08/2021' '12:44:57' 
609.7843105792999 3.9 4.3 299.6875 303.3125 227.875 188.90625 '05/08/2021' '12:45:00' 
612.568475484848 3.8 4.2 259.53125 270.59375 266.125 293.8125 '05/08/2021' '12:45:03' 
615.3317778110504 3.6 4.0 272.1875 288.78125 276.5625 314.28125 '05/08/2021' '12:45:06' 
618.0788123607635 3.6 4.0 287.84375 300.125 291.65625 329.90625 '05/08/2021' '12:45:09' 
620.8486676216125 3.5 3.9 308.625 315.125 305.0625 348.09375 '05/08/2021' '12:45:11' 
623.6568875312805 3.4 3.7 319.71875 298.28125 312.71875 356.78125 '05/08/2021' '12:45:14' 
626.4168665409088 3.3 3.6 299.9375 302.3125 333.3125 374.4375 '05/08/2021' '12:45:17' 
629.1756715774536 3.3 3.6 309.15625 304.1875 341.59375 387.28125 '05/08/2021' '12:45:20' 
631.9399666786194 3.3 3.9 324.5 316.65625 348.5 395.125 '05/08/2021' '12:45:22' 
634.7319579124451 3.2 3.9 263.65625 307.65625 354.96875 396.375 '05/08/2021' '12:45:25' 
637.5125977993011 3.1 3.8 276.21875 301.1875 356.15625 398.1875 '05/08/2021' '12:45:28' 
640.3019189834595 3.0 3.8 326.71875 310.28125 345.5625 355.1875 '05/08/2021' '12:45:31' 
643.0723791122437 3.0 4.0 304.9375 308.125 357.0 402.75 '05/08/2021' '12:45:34' 
645.8580272197723 2.9 3.7 304.3125 318.03125 337.0625 305.21875 '05/08/2021' '12:45:36' 
648.6676926612854 2.9 3.7 268.9375 281.84375 337.6875 367.84375 '05/08/2021' '12:45:39' 
651.4171283245087 2.8 3.7 332.15625 312.125 301.96875 287.78125 '05/08/2021' '12:45:42' 
654.1673290729523 2.7 3.0 277.59375 288.09375 306.21875 345.25 '05/08/2021' '12:45:45' 
656.9190738201141 2.7 2.9 278.3125 288.4375 305.59375 353.375 '05/08/2021' '12:45:47' 
659.6859657764435 2.6 2.8 293.625 330.875 281.5625 326.25 '05/08/2021' '12:45:50' 
662.4728639125824 2.6 2.8 264.59375 287.0625 276.8125 319.71875 '05/08/2021' '12:45:53' 
665.2487800121307 2.5 2.7 300.125 301.21875 257.625 199.1875 '05/08/2021' '12:45:56' 
668.0063517093658 2.5 2.7 282.375 305.15625 286.59375 320.71875 '05/08/2021' '12:45:58' 
670.7844746112823 2.5 2.7 266.21875 279.03125 279.03125 308.375 '05/08/2021' '12:46:01' 
673.5467109680176 2.4 2.6 303.46875 290.375 282.4375 312.25 '05/08/2021' '12:46:04' 
676.3307099342346 2.4 2.6 277.21875 292.71875 285.5625 313.125 '05/08/2021' '12:46:07' 
679.093747138977 2.4 2.6 292.25 297.21875 280.65625 296.78125 '05/08/2021' '12:46:10' 
681.8587749004364 2.3 2.5 274.15625 283.78125 276.21875 296.25 '05/08/2021' '12:46:12' 
684.6152489185333 2.3 2.5 300.40625 297.53125 280.0625 296.1875 '05/08/2021' '12:46:15' 
687.3634357452393 2.3 2.5 288.25 286.84375 265.34375 285.34375 '05/08/2021' '12:46:18' 
690.151524066925 2.3 2.5 335.21875 310.375 268.5625 280.25 '05/08/2021' '12:46:21' 
692.9418618679047 2.2 2.4 330.6875 310.96875 256.625 274.625 '05/08/2021' '12:46:23' 
695.7345867156982 2.3 4.0 326.8125 311.625 259.28125 266.0625 '05/08/2021' '12:46:26' 
698.5651803016663 2.5 4.1 250.78125 294.25 249.84375 276.46875 '05/08/2021' '12:46:29' 
701.3821063041687 3.5 4.5 281.59375 307.15625 240.1875 242.1875 '05/08/2021' '12:46:32' 
704.1913492679596 4.5 5.0 292.1875 301.59375 228.09375 222.46875 '05/08/2021' '12:46:35' 
706.9567527770996 5.1 5.6 265.21875 283.65625 246.25 267.25 '05/08/2021' '12:46:37' 
709.7520112991333 6.0 6.6 298.75 305.65625 229.375 238.40625 '05/08/2021' '12:46:40' 
712.498156785965 6.9 7.5 291.375 304.65625 228.34375 243.125 '05/08/2021' '12:46:43' 
715.2629942893982 7.8 8.5 308.84375 317.78125 214.8125 216.75 '05/08/2021' '12:46:46' 
718.0625035762787 8.9 9.6 310.6875 302.53125 211.25 221.0 '05/08/2021' '12:46:49' 
720.8556303977966 9.9 10.7 301.4375 305.71875 209.5625 216.125 '05/08/2021' '12:46:51' 
723.6855356693268 10.9 11.7 283.25 288.90625 204.40625 204.75 '05/08/2021' '12:46:54' 
726.4373164176941 11.7 12.6 268.40625 279.6875 198.84375 197.65625 '05/08/2021' '12:46:57' 
729.192999124527 12.6 13.5 288.03125 302.84375 180.375 99.3125 '05/08/2021' '12:47:00' 
731.9736709594727 13.6 14.6 276.375 298.0625 211.6875 197.34375 '05/08/2021' '12:47:02' 
734.7820711135864 14.4 15.4 302.0 312.46875 219.75 204.21875 '05/08/2021' '12:47:05' 
737.5650746822357 15.4 16.5 302.6875 301.8125 220.875 212.8125 '05/08/2021' '12:47:08' 
740.3861773014069 16.5 17.6 297.46875 309.59375 205.59375 193.0 '05/08/2021' '12:47:11' 
743.1553585529327 17.8 19.0 314.53125 314.9375 210.03125 194.5625 '05/08/2021' '12:47:14' 
745.9470129013062 19.1 20.4 294.1875 299.8125 228.21875 223.71875 '05/08/2021' '12:47:16' 
748.7607271671295 20.4 21.7 295.46875 308.09375 234.34375 232.15625 '05/08/2021' '12:47:19' 
751.5210947990417 21.7 23.1 282.46875 310.25 232.4375 228.65625 '05/08/2021' '12:47:22' 
754.3220038414001 22.7 24.2 293.3125 319.59375 245.5 232.34375 '05/08/2021' '12:47:25' 
757.1196746826172 23.9 25.5 300.5 311.15625 271.5625 257.8125 '05/08/2021' '12:47:28' 
759.8853077888489 25.4 27.1 299.875 298.34375 277.1875 262.90625 '05/08/2021' '12:47:30' 
762.6223413944244 27.0 28.8 311.71875 320.40625 283.65625 274.125 '05/08/2021' '12:47:33' 
765.409346818924 28.6 30.5 309.4375 309.6875 286.0 266.59375 '05/08/2021' '12:47:36' 
768.1668293476105 30.2 32.2 315.625 308.75 279.9375 226.84375 '05/08/2021' '12:47:39' 
770.9661726951599 31.8 33.9 295.53125 311.875 281.125 265.03125 '05/08/2021' '12:47:41' 
773.7636876106262 33.4 35.6 305.03125 315.96875 280.25 261.0625 '05/08/2021' '12:47:44' 
776.5176203250885 35.0 37.3 314.71875 318.375 296.3125 287.375 '05/08/2021' '12:47:47' 
779.2671823501587 36.7 38.9 307.65625 305.25 278.5 217.6875 '05/08/2021' '12:47:50' 
782.0220692157745 38.3 43.0 309.96875 305.34375 298.96875 289.46875 '05/08/2021' '12:47:52' 
784.7648506164551 37.6 44.5 283.28125 307.75 258.4375 153.40625 '05/08/2021' '12:47:55' 
787.5134429931641 36.7 44.0 281.90625 313.78125 301.625 296.75 '05/08/2021' '12:47:58' 
790.272543668747 35.9 43.7 257.1875 293.78125 264.53125 218.90625 '05/08/2021' '12:48:01' 
793.0134613513947 35.0 43.2 283.5 311.65625 288.46875 291.21875 '05/08/2021' '12:48:03' 
795.8023519515991 34.1 42.8 270.09375 280.71875 266.3125 194.125 '05/08/2021' '12:48:06' 
798.6223828792572 33.2 42.3 276.21875 293.15625 273.28125 271.625 '05/08/2021' '12:48:09' 
801.3675904273987 32.1 41.7 295.40625 303.71875 285.0 271.34375 '05/08/2021' '12:48:12' 
804.1277163028717 31.2 41.3 315.15625 311.96875 280.75 265.9375 '05/08/2021' '12:48:15' 
806.8728451728821 30.2 40.8 312.625 302.28125 279.6875 266.3125 '05/08/2021' '12:48:17' 
809.6590659618378 29.3 40.3 293.5 291.5625 278.0 197.1875 '05/08/2021' '12:48:20' 
812.4370555877686 28.4 40.0 307.21875 298.0625 294.78125 288.34375 '05/08/2021' '12:48:23' 
815.2027659416199 27.4 39.5 347.53125 295.53125 260.0625 63.9375 '05/08/2021' '12:48:26' 
817.968035697937 26.5 39.1 280.03125 299.90625 294.8125 298.8125 '05/08/2021' '12:48:28' 
820.7547035217285 25.4 38.5 302.0 288.78125 238.0625 113.96875 '05/08/2021' '12:48:31' 
823.592779636383 24.3 37.9 292.8125 305.8125 301.75 315.0625 '05/08/2021' '12:48:34' 
826.3936967849731 23.0 37.3 332.90625 317.28125 308.40625 313.6875 '05/08/2021' '12:48:37' 
829.1979491710663 21.7 36.6 302.75 301.65625 289.75 262.15625 '05/08/2021' '12:48:40' 
831.9547822475433 20.4 36.0 276.28125 328.84375 288.46875 302.9375 '05/08/2021' '12:48:42' 
834.7099838256836 19.1 35.4 298.125 302.90625 313.4375 322.65625 '05/08/2021' '12:48:45' 
837.5064752101898 18.1 34.9 294.09375 308.40625 312.03125 329.0625 '05/08/2021' '12:48:48' 
840.3005619049072 17.2 35.6 293.59375 311.25 322.71875 329.3125 '05/08/2021' '12:48:51' 
843.0746400356293 15.7 34.8 292.5625 313.65625 325.3125 338.46875 '05/08/2021' '12:48:54' 
845.8744263648987 14.1 34.0 294.90625 306.8125 323.84375 326.78125 '05/08/2021' '12:48:56' 
848.7008965015411 12.6 33.0 308.875 308.125 309.0625 294.0 '05/08/2021' '12:48:59' 
851.513307094574 11.1 32.0 333.53125 330.15625 309.5 310.09375 '05/08/2021' '12:49:02' 
854.2796120643616 9.4 31.0 288.34375 304.15625 279.21875 226.09375 '05/08/2021' '12:49:05' 
857.1136260032654 7.9 30.1 276.125 306.21875 303.5625 301.84375 '05/08/2021' '12:49:08' 
859.9316077232361 6.2 28.9 305.1875 315.5625 272.96875 247.625 '05/08/2021' '12:49:10' 
862.7134556770325 4.4 27.8 285.40625 298.25 287.3125 265.1875 '05/08/2021' '12:49:13' 
865.4869484901428 2.5 5.6 275.3125 299.4375 284.4375 274.90625 '05/08/2021' '12:49:16' 
868.2919025421143 2.1 3.2 294.84375 311.34375 284.6875 267.0 '05/08/2021' '12:49:19' 
871.11123919487 2.1 3.1 310.75 315.40625 296.0625 300.40625 '05/08/2021' '12:49:22' 
873.9371495246887 2.1 3.3 298.4375 303.5625 301.90625 306.40625 '05/08/2021' '12:49:24' 
876.7196335792542 2.2 3.3 311.75 314.90625 304.0625 309.9375 '05/08/2021' '12:49:27' 
879.4970011711121 2.4 3.3 300.1875 307.59375 307.53125 310.9375 '05/08/2021' '12:49:30' 
882.2694594860077 2.7 3.5 295.40625 303.15625 309.53125 311.09375 '05/08/2021' '12:49:33' 
885.0187153816223 3.2 3.7 308.34375 315.21875 306.09375 314.6875 '05/08/2021' '12:49:35' 
887.7787833213806 3.8 4.2 321.125 305.96875 292.34375 283.28125 '05/08/2021' '12:49:38' 
890.555734872818 4.6 5.0 303.125 309.03125 318.53125 329.40625 '05/08/2021' '12:49:41' 
893.3485736846924 5.3 5.8 308.34375 320.15625 309.375 298.09375 '05/08/2021' '12:49:44' 
896.1396698951721 6.0 6.5 290.09375 308.15625 323.3125 338.40625 '05/08/2021' '12:49:47' 
898.9567937850952 6.1 6.6 291.78125 294.3125 318.4375 315.40625 '05/08/2021' '12:49:49' 
901.7446930408478 6.1 6.6 345.65625 313.0 328.5 331.6875 '05/08/2021' '12:49:52' 
904.5379455089569 6.1 6.6 331.0625 315.9375 327.5 352.75 '05/08/2021' '12:49:55' 
907.3179769515991 6.1 6.6 340.75 313.6875 326.9375 324.6875 '05/08/2021' '12:49:58' 
910.1276981830597 6.0 6.5 307.59375 295.75 313.40625 298.5 '05/08/2021' '12:50:01' 
912.9064304828644 6.0 6.5 236.875 276.25 310.875 320.96875 '05/08/2021' '12:50:03' 
915.7345066070557 6.0 6.5 269.3125 309.125 311.40625 331.09375 '05/08/2021' '12:50:06' 
918.5050106048584 6.0 6.5 275.28125 293.65625 305.15625 328.78125 '05/08/2021' '12:50:09' 
921.2851223945618 5.9 6.4 301.9375 299.6875 289.34375 289.40625 '05/08/2021' '12:50:12' 
924.0957863330841 5.6 5.9 303.1875 300.84375 285.15625 312.6875 '05/08/2021' '12:50:15' 
926.8970837593079 5.5 5.9 286.375 310.84375 265.34375 283.6875 '05/08/2021' '12:50:17' 
929.6828937530518 5.5 5.9 264.875 293.71875 274.71875 315.21875 '05/08/2021' '12:50:20' 
932.4865770339966 5.4 6.0 256.71875 301.15625 250.0 283.15625 '05/08/2021' '12:50:23' 
935.265602350235 5.3 5.9 273.46875 297.90625 244.0 271.0 '05/08/2021' '12:50:26' 
938.0640478134155 5.3 6.5 309.46875 309.53125 247.1875 295.84375 '05/08/2021' '12:50:29' 
940.8366832733154 5.3 6.5 233.25 290.15625 216.15625 263.34375 '05/08/2021' '12:50:31' 
943.5878031253815 5.3 6.5 279.75 322.09375 242.15625 307.25 '05/08/2021' '12:50:34' 
946.406311750412 5.3 6.5 303.21875 289.5 214.28125 272.625 '05/08/2021' '12:50:37' 
949.2045056819916 5.3 6.5 318.875 308.40625 200.375 256.4375 '05/08/2021' '12:50:40' 
952.0017516613007 5.3 6.5 291.4375 283.90625 213.25 299.34375 '05/08/2021' '12:50:42' 
954.773966550827 5.3 6.5 296.15625 295.1875 226.71875 301.6875 '05/08/2021' '12:50:45' 
957.5493319034576 5.2 6.4 299.21875 308.09375 230.90625 320.15625 '05/08/2021' '12:50:48' 
960.331563949585 5.2 6.5 299.71875 303.25 213.1875 250.0625 '05/08/2021' '12:50:51' 
963.1095535755157 5.0 6.4 295.1875 305.8125 201.625 299.84375 '05/08/2021' '12:50:54' 
965.8644418716431 4.6 6.3 277.9375 295.5 189.6875 244.78125 '05/08/2021' '12:50:56' 
968.6329438686371 4.0 6.1 286.21875 301.75 190.40625 305.71875 '05/08/2021' '12:50:59' 
971.4689362049103 3.3 5.8 328.28125 301.71875 187.3125 312.34375 '05/08/2021' '12:51:02' 
974.3131105899811 2.5 5.4 273.46875 282.875 165.15625 255.75 '05/08/2021' '12:51:05' 
977.1222231388092 1.7 5.2 242.5625 299.84375 166.4375 306.5625 '05/08/2021' '12:51:08' 
979.8890986442566 0.9 4.8 279.8125 314.25 138.59375 272.5 '05/08/2021' '12:51:10' 
982.6816527843475 0.9 5.4 267.03125 300.1875 141.53125 304.84375 '05/08/2021' '12:51:13' 
985.4683697223663 0.9 5.4 279.53125 302.625 141.53125 307.40625 '05/08/2021' '12:51:16' 
988.2634088993073 0.9 6.1 286.875 305.46875 155.03125 318.28125 '05/08/2021' '12:51:19' 
991.0933215618134 0.9 7.2 287.46875 303.90625 153.125 325.5 '05/08/2021' '12:51:22' 
994.1678018569946 0.9 7.2 325.71875 314.3125 138.96875 326.8125 '05/08/2021' '12:51:25' 
997.0140690803528 0.9 7.2 292.875 307.875 136.40625 327.0625 '05/08/2021' '12:51:27' 
999.8670608997345 0.9 7.5 295.28125 311.1875 136.65625 311.0 '05/08/2021' '12:51:30' 
1002.6872625350952 0.9 7.5 276.625 280.46875 119.96875 324.71875 '05/08/2021' '12:51:33' 
1005.462153673172 0.9 7.5 351.15625 316.15625 130.59375 335.0625 '05/08/2021' '12:51:36' 
1008.2194142341614 0.9 7.5 348.4375 321.46875 129.03125 293.625 '05/08/2021' '12:51:39' 
1010.980406999588 0.8 6.4 297.8125 306.8125 123.0 337.96875 '05/08/2021' '12:51:41' 
1013.7686131000519 0.8 6.4 294.03125 309.78125 104.5625 284.8125 '05/08/2021' '12:51:44' 
1016.5361173152924 0.8 5.0 276.0 306.0 116.09375 343.40625 '05/08/2021' '12:51:47' 
1019.3715584278107 0.8 4.9 308.5625 317.25 113.09375 331.59375 '05/08/2021' '12:51:50' 
1022.2141373157501 0.8 4.2 277.0625 298.28125 103.8125 278.03125 '05/08/2021' '12:51:53' 
1025.0030703544617 0.7 4.2 293.65625 310.28125 104.375 337.90625 '05/08/2021' '12:51:55' 
1027.813595533371 0.8 4.3 307.96875 321.65625 88.09375 247.125 '05/08/2021' '12:51:58' 
1030.5840995311737 0.8 4.3 298.28125 308.59375 91.3125 321.6875 '05/08/2021' '12:52:01' 
1033.4037017822266 0.8 4.4 311.9375 313.59375 96.21875 327.90625 '05/08/2021' '12:52:04' 
1036.1786677837372 0.8 4.4 278.125 273.65625 101.09375 345.4375 '05/08/2021' '12:52:07' 
1038.9956653118134 0.8 4.4 288.03125 308.09375 107.40625 348.75 '05/08/2021' '12:52:09' 
1041.7836511135101 0.8 6.1 284.3125 296.46875 78.71875 301.875 '05/08/2021' '12:52:12' 
1044.6224727630615 0.7 5.9 278.3125 277.84375 83.25 340.0625 '05/08/2021' '12:52:15' 
1047.4483087062836 0.7 6.0 338.75 315.40625 75.8125 332.46875 '05/08/2021' '12:52:18' 
1050.2864444255829 0.8 5.9 272.9375 301.5 51.59375 290.125 '05/08/2021' '12:52:21' 
1053.0785164833069 0.7 5.9 312.5 328.1875 65.5 357.75 '05/08/2021' '12:52:24' 
1055.856183052063 0.7 5.9 296.90625 302.71875 71.0625 358.5 '05/08/2021' '12:52:26' 
1058.6614530086517 0.7 5.9 264.75 281.15625 59.90625 356.40625 '05/08/2021' '12:52:29' 
1061.48339676857 0.7 5.7 295.8125 301.34375 32.9375 343.1875 '05/08/2021' '12:52:32' 
1064.2662382125854 0.7 5.7 360.59375 345.21875 8.96875 309.65625 '05/08/2021' '12:52:35' 
1067.0870928764343 0.7 5.0 308.8125 319.8125 45.03125 377.90625 '05/08/2021' '12:52:38' 
1069.904957294464 0.7 5.0 313.28125 311.96875 20.0625 305.21875 '05/08/2021' '12:52:40' 
1072.7439301013947 0.7 4.2 297.71875 305.84375 5.28125 357.65625 '05/08/2021' '12:52:43' 
1075.5567452907562 0.7 3.1 293.65625 304.5 0.71875 341.90625 '05/08/2021' '12:52:46' 
1078.3616816997528 0.7 3.1 320.34375 306.4375 0.625 324.34375 '05/08/2021' '12:52:49' 
1081.144728422165 0.7 3.0 283.0 299.78125 0.59375 322.875 '05/08/2021' '12:52:52' 
1083.962195634842 0.7 2.7 292.1875 303.125 0.59375 299.875 '05/08/2021' '12:52:54' 
1086.740681886673 0.7 2.7 300.3125 299.21875 0.59375 261.1875 '05/08/2021' '12:52:57' 
1089.6300089359283 0.7 2.7 288.78125 297.8125 0.625 313.78125 '05/08/2021' '12:53:00' 
1092.4297771453857 0.7 2.5 307.03125 300.1875 0.59375 300.21875 '05/08/2021' '12:53:03' 
1095.2762744426727 0.7 2.5 292.21875 296.9375 0.625 252.21875 '05/08/2021' '12:53:06' 
1098.1089951992035 0.7 2.5 293.40625 294.0625 0.625 323.90625 '05/08/2021' '12:53:09' 
1100.9626655578613 0.7 2.5 322.40625 317.75 0.59375 302.34375 '05/08/2021' '12:53:11' 
1103.7872290611267 0.7 3.0 299.375 296.28125 0.59375 308.5625 '05/08/2021' '12:53:14' 
1106.57528591156 0.7 3.5 303.5625 302.875 0.5625 303.40625 '05/08/2021' '12:53:17' 
1109.4330430030823 0.7 4.5 308.84375 308.0625 0.625 289.75 '05/08/2021' '12:53:20' 
1112.576960325241 0.7 4.4 289.125 303.75 0.59375 291.65625 '05/08/2021' '12:53:23' 
1115.435975074768 0.7 4.5 289.03125 297.78125 0.625 248.90625 '05/08/2021' '12:53:26' 
1118.756683588028 0.7 4.6 281.90625 293.84375 0.625 183.75 '05/08/2021' '12:53:29' 
1121.6108593940735 0.7 4.6 285.28125 307.59375 0.625 279.75 '05/08/2021' '12:53:32' 
1124.6743094921112 0.7 4.6 294.15625 303.71875 0.59375 250.21875 '05/08/2021' '12:53:35' 
1127.5616447925568 0.7 2.9 279.5 286.625 0.625 264.0 '05/08/2021' '12:53:38' 
1130.4121763706207 0.7 3.0 280.96875 281.1875 0.5625 222.25 '05/08/2021' '12:53:41' 
1133.2518095970154 0.7 2.9 301.3125 299.75 0.625 190.375 '05/08/2021' '12:53:44' 
1136.0958960056305 0.7 2.9 323.59375 297.59375 0.65625 252.75 '05/08/2021' '12:53:47' 
1138.9361577033997 0.7 3.0 308.34375 299.59375 0.625 216.15625 '05/08/2021' '12:53:49' 
1141.7831845283508 0.7 3.1 300.75 299.375 0.65625 238.0625 '05/08/2021' '12:53:52' 
1144.6295959949493 0.7 3.1 349.28125 299.0625 0.59375 243.5 '05/08/2021' '12:53:55' 
1147.4589002132416 0.7 3.0 270.09375 292.15625 0.59375 240.375 '05/08/2021' '12:53:58' 
1150.304191350937 0.7 3.1 269.28125 288.34375 0.65625 236.84375 '05/08/2021' '12:54:01' 
1153.1552875041962 0.7 3.1 291.28125 298.96875 0.6875 257.875 '05/08/2021' '12:54:04' 
1155.9914979934692 0.7 3.1 284.25 300.9375 0.6875 253.875 '05/08/2021' '12:54:06' 
1158.797282218933 0.8 3.2 293.9375 302.28125 0.65625 255.0625 '05/08/2021' '12:54:09' 
1161.6246287822723 0.8 4.3 303.21875 302.375 0.59375 230.75 '05/08/2021' '12:54:12' 
1164.4701449871063 0.7 4.3 282.5625 295.0625 0.59375 253.09375 '05/08/2021' '12:54:15' 
1167.3124520778656 0.8 4.4 298.125 296.59375 0.59375 184.1875 '05/08/2021' '12:54:18' 
1170.1780869960785 0.8 4.4 307.90625 298.90625 0.59375 227.5 '05/08/2021' '12:54:21' 
1173.0324928760529 0.7 4.3 306.75 304.46875 0.625 271.84375 '05/08/2021' '12:54:23' 
1175.8938760757446 0.8 5.1 294.4375 299.9375 0.625 242.375 '05/08/2021' '12:54:26' 
1178.7473113536835 0.8 5.1 292.0 298.4375 0.65625 200.28125 '05/08/2021' '12:54:29' 
1181.6026599407196 0.8 5.2 308.78125 306.96875 0.625 277.5 '05/08/2021' '12:54:32' 
1184.4323437213898 0.8 5.1 303.03125 298.65625 0.65625 245.75 '05/08/2021' '12:54:35' 
1187.2655882835388 0.8 5.1 303.03125 300.8125 0.59375 275.5 '05/08/2021' '12:54:38' 
1190.0990841388702 0.8 4.8 288.1875 299.59375 0.5625 274.0625 '05/08/2021' '12:54:41' 
1192.9537103176117 0.8 5.5 292.40625 299.09375 0.59375 251.34375 '05/08/2021' '12:54:43' 
1195.8329153060913 0.8 4.6 298.71875 308.0 0.625 259.375 '05/08/2021' '12:54:46' 
1198.6974577903748 0.8 4.6 298.1875 299.875 0.625 222.9375 '05/08/2021' '12:54:49' 
1201.5521430969238 0.8 4.5 309.4375 300.90625 0.625 246.125 '05/08/2021' '12:54:52' 
1204.4067831039429 0.7 4.3 277.15625 293.90625 0.65625 227.8125 '05/08/2021' '12:54:55' 
1207.190601348877 0.7 5.0 287.0 298.0 0.59375 189.3125 '05/08/2021' '12:54:58' 
1210.0248816013336 0.8 5.2 296.53125 302.875 0.65625 245.0 '05/08/2021' '12:55:00' 
1212.856410741806 0.7 5.2 304.3125 300.9375 0.65625 232.34375 '05/08/2021' '12:55:03' 
1215.6391665935516 0.7 5.2 293.4375 303.6875 0.59375 221.0 '05/08/2021' '12:55:06' 
1218.4839916229248 0.7 5.2 294.6875 297.875 0.625 250.5 '05/08/2021' '12:55:09' 
1221.3476536273956 0.7 5.2 295.40625 300.96875 0.625 225.9375 '05/08/2021' '12:55:12' 
1224.2004363536835 0.7 5.2 299.28125 298.625 0.625 216.0 '05/08/2021' '12:55:15' 
1227.245876789093 0.7 5.0 293.4375 298.375 0.6875 226.71875 '05/08/2021' '12:55:18' 
1230.1021559238434 0.7 5.0 314.28125 305.53125 0.59375 269.15625 '05/08/2021' '12:55:21' 
1232.9405255317688 0.7 5.0 313.6875 294.28125 0.625 223.875 '05/08/2021' '12:55:23' 
1235.7640495300293 0.7 5.0 301.1875 305.28125 0.65625 247.40625 '05/08/2021' '12:55:26' 
1238.610286474228 0.7 5.0 275.125 299.375 0.625 264.0625 '05/08/2021' '12:55:29' 
1241.3954367637634 0.7 5.0 278.65625 293.9375 0.625 183.4375 '05/08/2021' '12:55:32' 
1244.227801322937 0.7 4.9 289.40625 298.53125 0.625 219.46875 '05/08/2021' '12:55:35' 
1247.0626678466797 0.7 3.8 294.78125 300.9375 0.59375 268.875 '05/08/2021' '12:55:38' 
1249.9114496707916 0.7 3.8 287.28125 294.65625 0.65625 238.125 '05/08/2021' '12:55:40' 
1252.763203382492 0.7 3.8 294.96875 303.375 0.625 243.21875 '05/08/2021' '12:55:43' 
1255.5891008377075 0.7 4.0 323.0 303.3125 0.65625 254.75 '05/08/2021' '12:55:46' 
1258.4223005771637 0.7 4.0 321.4375 295.0625 0.65625 249.21875 '05/08/2021' '12:55:49' 
1261.1972470283508 0.6 4.4 321.65625 297.1875 0.625 191.625 '05/08/2021' '12:55:52' 
1264.0111937522888 0.6 4.4 340.59375 301.46875 0.65625 245.34375 '05/08/2021' '12:55:54' 
1266.7917249202728 0.6 4.3 313.6875 301.625 0.625 159.375 '05/08/2021' '12:55:57' 
1269.6316168308258 0.6 4.3 285.90625 301.5 0.59375 241.6875 '05/08/2021' '12:56:00' 
1272.4678518772125 0.6 4.3 294.4375 301.71875 0.59375 227.84375 '05/08/2021' '12:56:03' 
1275.303500175476 0.6 4.2 310.40625 301.125 0.59375 190.75 '05/08/2021' '12:56:06' 
1278.1489188671112 0.6 2.9 298.40625 308.46875 0.65625 198.625 '05/08/2021' '12:56:09' 
1280.9476871490479 0.6 2.9 309.03125 303.8125 0.59375 182.09375 '05/08/2021' '12:56:11' 
1283.8427517414093 0.6 2.9 290.09375 299.65625 0.625 197.78125 '05/08/2021' '12:56:14' 
1286.6483755111694 0.6 2.9 308.28125 303.9375 0.625 206.4375 '05/08/2021' '12:56:17' 
1289.4716155529022 0.6 2.9 312.125 304.71875 0.625 203.5 '05/08/2021' '12:56:20' 
1292.3042991161346 0.6 2.1 287.9375 287.75 0.625 200.125 '05/08/2021' '12:56:23' 
1295.1283071041107 0.6 2.1 303.03125 305.46875 0.625 224.25 '05/08/2021' '12:56:26' 
1297.9696295261383 0.6 2.2 285.375 289.84375 0.59375 198.71875 '05/08/2021' '12:56:28' 
1300.8079390525818 0.6 2.2 299.09375 302.15625 0.625 128.125 '05/08/2021' '12:56:31' 
1303.6404016017914 0.6 2.2 282.28125 306.15625 0.625 221.5625 '05/08/2021' '12:56:34' 
1306.45556807518 0.6 2.7 276.125 301.5625 0.59375 211.125 '05/08/2021' '12:56:37' 
1309.2891941070557 0.6 2.7 274.5 304.90625 0.625 201.4375 '05/08/2021' '12:56:40' 
1312.1179721355438 0.6 2.8 272.4375 288.75 0.65625 206.25 '05/08/2021' '12:56:43' 
1314.9244482517242 0.6 2.8 293.0 301.71875 0.625 213.03125 '05/08/2021' '12:56:45' 
1317.7482297420502 0.6 2.8 280.5 297.0 0.5625 192.5 '05/08/2021' '12:56:48' 
1320.6239142417908 0.6 2.8 277.5 294.65625 0.625 213.96875 '05/08/2021' '12:56:51' 
1323.4851124286652 0.6 2.9 302.46875 301.71875 0.625 217.9375 '05/08/2021' '12:56:54' 
1326.3373401165009 0.6 2.8 309.5 305.15625 0.59375 195.65625 '05/08/2021' '12:56:57' 
1329.1645104885101 0.7 2.9 316.28125 315.875 0.625 196.875 '05/08/2021' '12:57:00' 
1332.0024144649506 0.7 2.9 304.5625 306.8125 0.625 220.3125 '05/08/2021' '12:57:02' 
1334.792533159256 0.6 2.9 287.5 303.90625 0.59375 206.71875 '05/08/2021' '12:57:05' 
1337.6228935718536 0.6 2.9 278.6875 306.5 0.5625 250.0 '05/08/2021' '12:57:08' 
1340.4610953330994 0.6 2.6 289.375 306.125 0.625 240.3125 '05/08/2021' '12:57:11' 
1343.2245428562164 0.6 2.6 316.71875 302.1875 0.625 188.25 '05/08/2021' '12:57:14' 
1346.0589258670807 0.6 1.5 308.09375 306.125 0.65625 253.09375 '05/08/2021' '12:57:17' 
1348.8971207141876 0.6 1.5 312.09375 305.21875 0.6875 240.46875 '05/08/2021' '12:57:19' 
1351.7556793689728 0.6 1.5 321.875 304.1875 0.625 224.03125 '05/08/2021' '12:57:22' 
1354.5410859584808 0.6 1.5 315.25 311.53125 0.625 258.9375 '05/08/2021' '12:57:25' 
1357.3443801403046 0.7 1.6 278.25 295.96875 0.625 201.0 '05/08/2021' '12:57:28' 
1360.1630365848541 0.7 1.5 291.15625 308.15625 0.625 257.9375 '05/08/2021' '12:57:31' 
1362.953979730606 0.7 2.1 289.6875 308.1875 0.59375 216.34375 '05/08/2021' '12:57:33' 
1365.7740004062653 0.6 2.0 298.84375 309.8125 0.59375 233.75 '05/08/2021' '12:57:36' 
1368.5544567108154 0.6 2.0 285.75 300.5 0.59375 264.03125 '05/08/2021' '12:57:39' 
1371.4068233966827 0.6 2.0 296.59375 299.21875 0.625 260.4375 '05/08/2021' '12:57:42' 
1374.2765986919403 0.7 2.0 294.875 305.40625 0.625 254.875 '05/08/2021' '12:57:45' 
1377.1279063224792 0.6 2.0 302.625 309.78125 0.5625 275.1875 '05/08/2021' '12:57:48' 
1379.9498648643494 0.6 1.8 301.09375 305.125 0.625 250.5625 '05/08/2021' '12:57:50' 
1382.7798357009888 0.6 1.8 293.96875 306.1875 0.65625 277.625 '05/08/2021' '12:57:53' 
1385.5644688606262 0.6 2.0 310.46875 308.9375 0.5625 280.5 '05/08/2021' '12:57:56' 
1388.3921134471893 0.6 2.0 307.78125 304.96875 0.65625 268.03125 '05/08/2021' '12:57:59' 
1391.2349021434784 0.6 1.5 270.3125 301.875 0.59375 245.28125 '05/08/2021' '12:58:02' 
1394.0611131191254 0.6 1.5 326.28125 306.53125 0.65625 276.75 '05/08/2021' '12:58:05' 
1396.9309606552124 0.6 1.4 303.6875 309.8125 0.59375 180.09375 '05/08/2021' '12:58:07' 
1399.7560451030731 0.6 1.4 297.90625 304.5 0.625 199.46875 '05/08/2021' '12:58:10' 
1402.6716620922089 0.6 1.4 306.6875 308.4375 0.625 268.375 '05/08/2021' '12:58:13' 
1405.4870011806488 0.6 1.4 308.0 309.8125 0.65625 252.5625 '05/08/2021' '12:58:16' 
1408.3114042282104 0.6 1.3 296.75 306.8125 0.625 210.34375 '05/08/2021' '12:58:19' 
1411.121467590332 0.6 1.3 277.71875 310.375 0.59375 275.59375 '05/08/2021' '12:58:22' 
1413.9255857467651 0.6 1.3 284.875 305.21875 0.625 236.90625 '05/08/2021' '12:58:24' 
1416.7160694599152 0.6 1.3 284.6875 301.9375 0.625 237.09375 '05/08/2021' '12:58:27' 
1419.543770313263 0.6 1.5 300.875 301.65625 0.59375 268.28125 '05/08/2021' '12:58:30' 
1422.392643213272 0.6 1.5 296.15625 309.03125 0.59375 241.84375 '05/08/2021' '12:58:33' 
1425.5515599250793 0.6 1.5 302.9375 303.75 0.65625 278.21875 '05/08/2021' '12:58:36' 
1428.3928017616272 0.7 1.5 302.9375 315.6875 0.625 287.25 '05/08/2021' '12:58:39' 
1431.2132334709167 0.7 1.5 298.5 308.90625 0.59375 210.0625 '05/08/2021' '12:58:42' 
1434.0064561367035 0.7 2.0 288.0 299.1875 0.59375 299.34375 '05/08/2021' '12:58:44' 
1436.8239479064941 0.7 1.9 295.1875 305.59375 0.625 228.28125 '05/08/2021' '12:58:47' 
1439.6479923725128 0.7 1.9 305.03125 313.46875 0.625 303.15625 '05/08/2021' '12:58:50' 
1442.4382486343384 0.6 1.9 302.4375 309.15625 0.59375 298.3125 '05/08/2021' '12:58:53' 
1445.2687697410583 0.7 1.8 295.125 299.4375 0.59375 245.1875 '05/08/2021' '12:58:56' 
1448.1256663799286 0.6 1.4 308.46875 311.34375 0.625 304.4375 '05/08/2021' '12:58:59' 
1450.9602491855621 0.6 1.4 294.5 303.65625 0.65625 291.375 '05/08/2021' '12:59:01' 
1453.7903594970703 0.7 1.5 293.09375 306.0625 0.625 222.5 '05/08/2021' '12:59:04' 
1456.584190607071 0.7 1.6 278.53125 312.96875 0.625 317.03125 '05/08/2021' '12:59:07' 
1459.444143295288 0.7 1.5 282.4375 305.5 0.59375 229.9375 '05/08/2021' '12:59:10' 
1462.2705209255219 0.7 1.8 279.3125 298.125 0.625 288.09375 '05/08/2021' '12:59:13' 
1465.1105823516846 0.7 1.8 308.21875 300.15625 0.59375 301.1875 '05/08/2021' '12:59:16' 
1467.9065220355988 0.7 1.8 503.125 321.0 0.59375 311.78125 '05/08/2021' '12:59:18' 
1470.7599024772644 0.7 1.7 577.46875 308.5625 0.625 300.71875 '05/08/2021' '12:59:21' 
1473.625893354416 0.7 1.6 476.875 310.625 0.59375 315.21875 '05/08/2021' '12:59:24' 
1476.459886789322 0.7 1.6 263.84375 316.09375 0.59375 302.03125 '05/08/2021' '12:59:27' 
1479.2535090446472 0.6 1.6 183.28125 313.875 0.59375 292.875 '05/08/2021' '12:59:30' 
1482.0686945915222 0.7 1.6 242.59375 297.0625 0.625 283.40625 '05/08/2021' '12:59:33' 
1484.9115817546844 0.7 1.6 265.15625 312.8125 0.59375 242.65625 '05/08/2021' '12:59:35' 
1487.732459306717 0.7 1.7 252.625 296.53125 0.59375 175.34375 '05/08/2021' '12:59:38' 
1490.5719933509827 0.7 1.7 247.65625 289.625 0.59375 224.6875 '05/08/2021' '12:59:41' 
1493.4030401706696 0.7 1.7 241.90625 311.96875 0.59375 190.90625 '05/08/2021' '12:59:44' 
1496.2444097995758 0.7 1.7 268.46875 314.34375 0.59375 133.46875 '05/08/2021' '12:59:47' 
1499.1032509803772 0.7 1.7 254.6875 298.75 0.59375 197.28125 '05/08/2021' '12:59:50' 
1501.9562842845917 0.7 1.8 288.84375 305.8125 0.625 192.5 '05/08/2021' '12:59:52' 
1504.7807507514954 0.7 1.6 262.59375 289.53125 0.59375 143.90625 '05/08/2021' '12:59:55' 
1507.6158814430237 0.7 1.5 281.09375 300.09375 0.59375 188.75 '05/08/2021' '12:59:58' 
1510.446420431137 0.7 1.5 280.40625 312.0 0.59375 192.09375 '05/08/2021' '13:00:01' 
1513.2441482543945 0.7 1.5 309.65625 304.75 0.625 165.09375 '05/08/2021' '13:00:04' 
1516.073954820633 0.7 1.5 277.375 302.46875 0.625 191.75 '05/08/2021' '13:00:07' 
1518.9033451080322 0.7 1.1 278.3125 298.6875 0.625 222.34375 '05/08/2021' '13:00:09' 
1521.7542581558228 0.7 1.1 301.09375 311.3125 0.625 230.96875 '05/08/2021' '13:00:12' 
1524.5770766735077 0.7 1.1 285.125 307.9375 0.625 247.96875 '05/08/2021' '13:00:15' 
1527.4057874679565 0.7 2.2 287.15625 304.96875 0.625 290.34375 '05/08/2021' '13:00:18' 
1530.4283239841461 0.7 2.1 295.0625 303.0625 0.625 304.34375 '05/08/2021' '13:00:21' 
1535.7860572338104 0.8 2.2 337.375 309.9375 0.65625 271.75 '05/08/2021' '13:00:26' 
1540.271880865097 0.8 2.2 347.03125 305.34375 8.0625 282.1875 '05/08/2021' '13:00:31' 
1543.1485092639923 0.8 2.2 344.28125 301.21875 26.90625 289.15625 '05/08/2021' '13:00:34' 
1546.008053779602 0.8 2.1 295.78125 305.71875 41.21875 376.5625 '05/08/2021' '13:00:36' 
1548.8558156490326 0.8 2.1 306.3125 306.40625 34.875 359.78125 '05/08/2021' '13:00:39' 
1551.7364115715027 0.8 1.9 296.75 303.59375 0.6875 250.8125 '05/08/2021' '13:00:42' 
1554.6522636413574 0.8 1.8 298.0 300.65625 13.4375 336.71875 '05/08/2021' '13:00:45' 
1557.5363204479218 0.8 1.8 308.09375 306.78125 11.875 344.78125 '05/08/2021' '13:00:48' 
1560.40744638443 0.8 1.9 297.4375 309.625 3.46875 331.21875 '05/08/2021' '13:00:51' 
1563.3055579662323 0.8 1.9 295.0 309.0625 0.625 277.03125 '05/08/2021' '13:00:54' 
1566.1174590587616 0.8 1.9 286.53125 308.0 0.71875 321.625 '05/08/2021' '13:00:57' 
1568.960679769516 0.9 2.5 270.46875 305.1875 0.65625 309.28125 '05/08/2021' '13:00:59' 
1571.8589584827423 0.9 3.2 269.5625 309.125 0.65625 307.09375 '05/08/2021' '13:01:02' 
1574.7136628627777 0.9 3.2 285.5 296.59375 0.625 246.71875 '05/08/2021' '13:01:05' 
1577.566743850708 0.9 3.2 334.5 308.34375 0.625 304.6875 '05/08/2021' '13:01:08' 
1580.4025411605835 0.9 4.1 305.59375 310.84375 0.625 252.75 '05/08/2021' '13:01:11' 
1583.7722415924072 0.9 5.0 276.25 302.5 0.625 203.15625 '05/08/2021' '13:01:14' 
1586.6414651870728 0.9 5.2 269.3125 303.96875 0.90625 319.8125 '05/08/2021' '13:01:17' 
1589.6042885780334 1.0 7.4 269.1875 293.25 9.28125 340.25 '05/08/2021' '13:01:20' 
1595.2048604488373 1.0 7.4 287.78125 302.78125 2.0 328.28125 '05/08/2021' '13:01:26' 
