'time_elapsed' 'pm25 [ug]/m3' 'pm10 [ug]/m3' 'NO2  [ug/m3] ' 'CO  [ug/m3] ' 'niente' 'niente' 'data' 'ora' 
5.4836273193359375e-06 0.5 3.0 231.98165137614677 793.1051682692307 0.0 0.0 '05/08/2021' '11:26:36' 
4.217073202133179 0.5 2.2 -62.14564220183486 599.1295072115385 0.0 0.0 '05/08/2021' '11:26:39' 
7.072250843048096 0.5 2.2 -165.3354357798165 493.5060096153846 0.0 0.0 '05/08/2021' '11:26:42' 
9.837904214859009 0.5 2.2 -149.51605504587152 269.46033653846155 0.0 0.0 '05/08/2021' '11:26:45' 
12.542502880096436 0.5 2.2 -59.98967889908257 278.61207932692304 0.0 0.0 '05/08/2021' '11:26:48' 
15.27752161026001 0.5 2.3 1.024082568807327 127.71153846153845 0.0 0.0 '05/08/2021' '11:26:51' 
18.09506392478943 0.6 2.3 -115.9369266055046 99.4305889423077 0.0 0.0 '05/08/2021' '11:26:53' 
20.851460218429565 0.6 2.4 -285.9346330275229 286.3188100961538 0.0 0.0 '05/08/2021' '11:26:56' 
23.535560369491577 0.6 2.4 -121.54243119266054 194.31971153846152 0.0 0.0 '05/08/2021' '11:26:59' 
26.240047693252563 0.6 2.4 -102.83944954128441 356.0922475961538 0.0 0.0 '05/08/2021' '11:27:02' 
28.938324451446533 0.6 2.3 -235.1886467889908 443.82512019230774 0.0 0.0 '05/08/2021' '11:27:04' 
31.684821128845215 0.6 2.3 0.13474770642201833 600.4368990384615 0.0 0.0 '05/08/2021' '11:27:07' 
34.42514443397522 0.6 2.3 -16.870412844036693 707.9870793269231 0.0 0.0 '05/08/2021' '11:27:10' 
37.19239687919617 0.6 2.3 34.98050458715595 623.5570913461539 0.0 0.0 '05/08/2021' '11:27:12' 
39.943888664245605 0.5 2.3 -114.83199541284402 1046.2575120192307 0.0 0.0 '05/08/2021' '11:27:15' 
42.723397970199585 0.5 2.1 -168.13818807339445 994.3746995192307 0.0 0.0 '05/08/2021' '11:27:18' 
45.40902590751648 0.5 2.1 230.0412844036697 930.5189302884615 0.0 0.0 '05/08/2021' '11:27:21' 
48.11741328239441 0.5 2.2 658.0538990825688 1116.2373798076922 0.0 0.0 '05/08/2021' '11:27:23' 
50.81283521652222 0.5 2.2 -515.5177752293578 1356.109375 0.0 0.0 '05/08/2021' '11:27:26' 
53.5375292301178 0.5 1.2 -411.30389908256876 1556.2091346153845 0.0 0.0 '05/08/2021' '11:27:29' 
56.271246671676636 0.5 1.2 -163.9340596330275 1727.6150841346152 0.0 0.0 '05/08/2021' '11:27:32' 
59.00046992301941 0.5 1.0 -375.865252293578 1786.7229567307693 0.0 0.0 '05/08/2021' '11:27:34' 
61.761465549468994 0.5 1.0 -278.8199541284404 1990.4008413461538 0.0 0.0 '05/08/2021' '11:27:37' 
64.50842666625977 0.5 1.0 -81.79185779816514 1901.1541466346152 0.0 0.0 '05/08/2021' '11:27:40' 
67.24549651145935 0.5 1.2 54.68061926605504 2004.3692908653845 0.0 0.0 '05/08/2021' '11:27:43' 
70.01328730583191 0.5 1.2 103.24369266055045 1877.139423076923 0.0 0.0 '05/08/2021' '11:27:45' 
72.76473593711853 0.5 1.2 -108.0137614678899 1783.0072115384614 0.0 0.0 '05/08/2021' '11:27:48' 
75.50922274589539 0.5 1.4 -128.95355504587155 1682.4756610576922 0.0 0.0 '05/08/2021' '11:27:51' 
78.25005865097046 0.5 1.3 -345.30447247706417 1540.4516225961538 0.0 0.0 '05/08/2021' '11:27:54' 
81.01466917991638 0.5 1.3 -304.74541284403665 1352.118389423077 0.0 0.0 '05/08/2021' '11:27:56' 
83.83175373077393 0.5 1.3 -76.53669724770641 1224.131610576923 0.0 0.0 '05/08/2021' '11:27:59' 
86.51172590255737 0.5 1.3 -17.139908256880737 1101.9248798076922 0.0 0.0 '05/08/2021' '11:28:02' 
89.2183825969696 0.5 1.4 234.7035550458715 892.7421875 0.0 0.0 '05/08/2021' '11:28:05' 
91.89860987663269 0.5 1.3 -63.57396788990825 872.8560697115385 0.0 0.0 '05/08/2021' '11:28:07' 
94.61181139945984 0.5 1.3 -32.501146788990816 945.6571514423076 0.0 0.0 '05/08/2021' '11:28:10' 
97.28832030296326 0.5 1.3 142.3205275229358 1084.2406850961538 0.0 0.0 '05/08/2021' '11:28:13' 
100.02478575706482 0.4 1.3 55.78555045871559 1096.3512620192307 0.0 0.0 '05/08/2021' '11:28:15' 
102.75874423980713 0.4 2.2 -190.07511467889907 1445.4936899038462 0.0 0.0 '05/08/2021' '11:28:18' 
105.49472999572754 0.5 2.2 -218.9650229357798 1446.5946514423078 0.0 0.0 '05/08/2021' '11:28:21' 
108.23543190956116 0.5 2.2 -316.68405963302746 1640.5015024038462 0.0 0.0 '05/08/2021' '11:28:24' 
110.97105431556702 0.5 2.2 -107.98681192660548 1847.3446514423076 0.0 0.0 '05/08/2021' '11:28:26' 
113.71976470947266 0.5 2.2 -61.903096330275226 1954.7572115384614 0.0 0.0 '05/08/2021' '11:28:29' 
116.4530463218689 0.5 2.2 -139.35607798165137 1912.163762019231 0.0 0.0 '05/08/2021' '11:28:32' 
119.21852779388428 0.5 2.2 -10.564220183486235 1844.7986778846152 0.0 0.0 '05/08/2021' '11:28:34' 
121.96772956848145 0.5 2.2 -37.379013761467874 1658.1856971153845 0.0 0.0 '05/08/2021' '11:28:37' 
124.71807074546814 0.5 2.2 133.18463302752292 1416.1805889423078 0.0 0.0 '05/08/2021' '11:28:40' 
127.4674665927887 0.5 2.9 124.74942660550454 1091.0528846153845 0.0 0.0 '05/08/2021' '11:28:43' 
130.2174530029297 0.5 2.9 400.2006880733945 851.0432692307692 0.0 0.0 '05/08/2021' '11:28:45' 
132.966139793396 0.5 2.9 438.98107798165137 539.6087740384615 0.0 0.0 '05/08/2021' '11:28:48' 
135.7219798564911 0.5 2.9 -59.26204128440363 685.8990384615385 0.0 0.0 '05/08/2021' '11:28:51' 
138.50188040733337 0.5 2.9 87.02006880733941 468.25270432692304 0.0 0.0 '05/08/2021' '11:28:54' 
141.2631869316101 0.5 2.9 -302.6163990825688 315.70072115384613 0.0 0.0 '05/08/2021' '11:28:57' 
144.03825283050537 0.5 2.8 -203.81938073394497 496.39603365384613 0.0 0.0 '05/08/2021' '11:28:59' 
146.8515112400055 0.6 2.9 27.91972477064221 529.2872596153846 0.0 0.0 '05/08/2021' '11:29:02' 
149.65075755119324 0.5 2.7 -113.51146788990823 889.7145432692307 0.0 0.0 '05/08/2021' '11:29:05' 
152.43064737319946 0.5 2.7 29.96788990825688 1085.2040264423076 0.0 0.0 '05/08/2021' '11:29:08' 
155.20658421516418 0.5 2.7 98.79701834862384 1230.462139423077 0.0 0.0 '05/08/2021' '11:29:10' 
158.0389974117279 0.5 2.5 23.74254587155964 1271.3353365384614 0.0 0.0 '05/08/2021' '11:29:13' 
160.89143466949463 0.5 2.2 -16.250573394495408 1261.9771634615383 0.0 0.0 '05/08/2021' '11:29:16' 
163.66543078422546 0.5 2.2 76.05160550458714 1150.9864783653845 0.0 0.0 '05/08/2021' '11:29:19' 
166.45597958564758 0.5 2.2 61.17545871559632 971.2545072115385 0.0 0.0 '05/08/2021' '11:29:22' 
169.26520371437073 0.5 2.2 108.09461009174309 747.8969350961538 0.0 0.0 '05/08/2021' '11:29:25' 
172.05297684669495 0.5 2.2 155.12155963302752 525.0210336538461 0.0 0.0 '05/08/2021' '11:29:27' 
174.8629207611084 0.5 2.2 128.38761467889907 284.8049879807692 0.0 0.0 '05/08/2021' '11:29:30' 
177.64807152748108 0.5 2.2 -104.88761467889907 63.78695913461538 0.0 0.0 '05/08/2021' '11:29:33' 
180.45389533042908 0.5 2.2 11.588302752293577 -86.49429086538461 0.0 0.0 '05/08/2021' '11:29:36' 
183.21918392181396 0.5 2.1 -119.57511467889907 -241.5234375 0.0 0.0 '05/08/2021' '11:29:38' 
186.02110528945923 0.5 1.2 -123.05160550458716 -455.8668870192308 0.0 0.0 '05/08/2021' '11:29:41' 
188.79696679115295 0.5 1.2 96.12901376146787 -627.4104567307692 0.0 0.0 '05/08/2021' '11:29:44' 
191.59926533699036 0.5 1.2 59.96272935779816 -800.7430889423076 0.0 0.0 '05/08/2021' '11:29:47' 
194.3709168434143 0.5 1.2 -68.72133027522935 -874.4387019230769 0.0 0.0 '05/08/2021' '11:29:50' 
197.186692237854 0.4 1.2 -189.88646788990826 -971.3921274038461 0.0 0.0 '05/08/2021' '11:29:52' 
199.9860918521881 0.5 1.7 -72.92545871559633 -949.7857572115385 0.0 0.0 '05/08/2021' '11:29:55' 
202.79444313049316 0.5 1.7 63.57396788990825 -960.8641826923076 0.0 0.0 '05/08/2021' '11:29:58' 
205.6294174194336 0.5 1.7 -152.58830275229357 -1031.0504807692307 0.0 0.0 '05/08/2021' '11:30:01' 
208.47911190986633 0.5 1.8 -180.66972477064218 -863.3602764423076 0.0 0.0 '05/08/2021' '11:30:04' 
211.30501246452332 0.5 1.5 -4.581422018348624 -803.5643028846155 0.0 0.0 '05/08/2021' '11:30:07' 
214.0881085395813 0.5 1.4 77.91112385321098 -664.3614783653846 0.0 0.0 '05/08/2021' '11:30:09' 
216.90054655075073 0.5 1.5 26.68004587155963 -596.0330528846155 0.0 0.0 '05/08/2021' '11:30:12' 
219.7312126159668 0.5 1.5 -51.06938073394495 -570.4356971153846 0.0 0.0 '05/08/2021' '11:30:15' 
222.58618426322937 0.5 1.5 -254.0533256880734 -491.23527644230774 0.0 0.0 '05/08/2021' '11:30:18' 
225.41389966011047 0.5 1.5 -161.72419724770637 -405.42908653846155 0.0 0.0 '05/08/2021' '11:30:21' 
228.20695304870605 0.5 1.5 -44.70928899082568 -336.9630408653846 0.0 0.0 '05/08/2021' '11:30:23' 
230.96859979629517 0.5 1.4 17.894495412844027 -304.55348557692304 0.0 0.0 '05/08/2021' '11:30:26' 
233.71604871749878 0.5 1.4 98.93176605504587 -85.39332932692308 0.0 0.0 '05/08/2021' '11:30:29' 
236.46007347106934 0.5 1.4 -11.049311926605505 -20.849459134615383 0.0 0.0 '05/08/2021' '11:30:32' 
239.19407653808594 0.5 1.7 -115.07454128440367 90.00360576923076 0.0 0.0 '05/08/2021' '11:30:34' 
241.95825743675232 0.5 1.7 -39.346330275229356 200.6502403846154 0.0 0.0 '05/08/2021' '11:30:37' 
244.91251254081726 0.5 1.7 -17.355504587155963 271.04296875 0.0 0.0 '05/08/2021' '11:30:40' 
247.6774377822876 0.5 1.8 4.877866972477064 332.69681490384613 0.0 0.0 '05/08/2021' '11:30:43' 
250.46184730529785 0.5 1.8 5.767201834862386 326.77914663461536 0.0 0.0 '05/08/2021' '11:30:46' 
253.22704315185547 0.5 1.7 -13.959862385321104 274.9651442307692 0.0 0.0 '05/08/2021' '11:30:48' 
255.98685359954834 0.5 1.7 21.34403669724771 263.40504807692304 0.0 0.0 '05/08/2021' '11:30:51' 
258.7415964603424 0.5 1.7 -16.627866972477058 256.7992788461538 0.0 0.0 '05/08/2021' '11:30:54' 
261.4969446659088 0.5 1.7 -101.59977064220183 306.82421875 0.0 0.0 '05/08/2021' '11:30:57' 
264.25060510635376 0.5 1.7 227.96616972477062 341.1604567307692 0.0 0.0 '05/08/2021' '11:31:00' 
267.0027391910553 0.6 1.8 63.43922018348624 429.58143028846155 0.0 0.0 '05/08/2021' '11:31:02' 
269.77599573135376 0.6 1.8 39.69667431192661 439.21484375 0.0 0.0 '05/08/2021' '11:31:05' 
272.55374813079834 0.6 1.8 -54.86926605504587 475.7530048076923 0.0 0.0 '05/08/2021' '11:31:08' 
275.3152844905853 0.5 1.8 183.04128440366975 459.4450120192308 0.0 0.0 '05/08/2021' '11:31:11' 
278.04514050483704 0.5 1.8 167.03325688073392 435.3614783653846 0.0 0.0 '05/08/2021' '11:31:13' 
280.7887363433838 0.6 2.2 282.134747706422 331.5270432692308 0.0 0.0 '05/08/2021' '11:31:16' 
283.5331416130066 0.5 1.7 57.59116972477065 321.4807692307692 0.0 0.0 '05/08/2021' '11:31:19' 
286.2954080104828 0.5 1.7 -78.80045871559632 192.9435096153846 0.0 0.0 '05/08/2021' '11:31:22' 
289.0438368320465 0.5 2.7 -169.51261467889907 110.7842548076923 0.0 0.0 '05/08/2021' '11:31:24' 
291.78886818885803 0.5 2.6 -170.4288990825688 153.17127403846152 0.0 0.0 '05/08/2021' '11:31:27' 
294.55870628356934 0.5 2.2 23.769495412844037 166.72686298076923 0.0 0.0 '05/08/2021' '11:31:30' 
297.35513138771057 0.5 2.2 -12.423738532110091 193.14993990384616 0.0 0.0 '05/08/2021' '11:31:33' 
300.1389145851135 0.5 2.2 11.749999999999991 164.66256009615387 0.0 0.0 '05/08/2021' '11:31:35' 
302.91961002349854 0.5 2.1 48.670871559633014 136.10637019230768 0.0 0.0 '05/08/2021' '11:31:38' 
305.6854147911072 0.5 2.1 301.8348623853211 140.37259615384616 0.0 0.0 '05/08/2021' '11:31:41' 
308.46319341659546 0.5 2.2 212.4432339449541 76.10396634615384 0.0 0.0 '05/08/2021' '11:31:44' 
311.2145621776581 0.5 2.2 -12.28899082568807 107.96304086538461 0.0 0.0 '05/08/2021' '11:31:46' 
313.97526717185974 0.5 2.4 -90.20011467889907 105.76111778846153 0.0 0.0 '05/08/2021' '11:31:49' 
316.71571922302246 0.5 2.4 -189.77866972477062 81.33353365384615 0.0 0.0 '05/08/2021' '11:31:52' 
319.500705242157 0.5 2.4 -189.29357798165134 129.4317908653846 0.0 0.0 '05/08/2021' '11:31:55' 
322.3134186267853 0.5 2.1 136.90366972477065 -0.20643028846153846 0.0 0.0 '05/08/2021' '11:31:58' 
325.0897305011749 0.5 2.1 81.89965596330275 36.26292067307692 0.0 0.0 '05/08/2021' '11:32:00' 
327.8794620037079 0.5 2.1 -7.114678899082566 -35.02433894230769 0.0 0.0 '05/08/2021' '11:32:03' 
330.6564784049988 0.5 2.1 -75.27006880733946 -12.110576923076923 0.0 0.0 '05/08/2021' '11:32:06' 
333.42221999168396 0.5 2.6 -63.81651376146791 365.24399038461536 0.0 0.0 '05/08/2021' '11:32:09' 
336.1879906654358 0.5 2.7 -355.6800458715596 483.5973557692308 0.0 0.0 '05/08/2021' '11:32:11' 
338.93709444999695 0.6 2.7 -186.46387614678898 623.5570913461539 0.0 0.0 '05/08/2021' '11:32:14' 
341.6843640804291 0.5 2.7 -187.67660550458714 835.2857572115385 0.0 0.0 '05/08/2021' '11:32:17' 
344.455185174942 0.5 2.7 -174.7408256880734 981.7136418269231 0.0 0.0 '05/08/2021' '11:32:20' 
347.25622606277466 0.5 2.7 -43.3348623853211 1076.533954326923 0.0 0.0 '05/08/2021' '11:32:23' 
350.04024505615234 0.5 2.9 -24.200688073394495 1081.2818509615386 0.0 0.0 '05/08/2021' '11:32:25' 
352.79303669929504 0.5 2.8 47.26949541284403 1243.880108173077 0.0 0.0 '05/08/2021' '11:32:28' 
355.53669476509094 0.5 2.9 -36.78612385321101 1225.4390024038462 0.0 0.0 '05/08/2021' '11:32:31' 
358.2867257595062 0.5 2.9 266.5848623853211 1206.240985576923 0.0 0.0 '05/08/2021' '11:32:34' 
361.0364899635315 0.5 3.0 73.81479357798166 1107.2920673076922 0.0 0.0 '05/08/2021' '11:32:36' 
363.7888708114624 0.5 2.6 96.64105504587157 980.1998197115385 0.0 0.0 '05/08/2021' '11:32:39' 
366.53621888160706 0.5 2.6 -470.5389908256881 956.5979567307692 0.0 0.0 '05/08/2021' '11:32:42' 
369.35474014282227 0.5 2.6 -293.5074541284404 809.1379206730769 0.0 0.0 '05/08/2021' '11:32:45' 
372.18437337875366 0.5 1.6 -126.50114678899082 580.2067307692307 0.0 0.0 '05/08/2021' '11:32:47' 
374.9465100765228 0.5 1.7 -209.3979357798165 697.8031850961539 0.0 0.0 '05/08/2021' '11:32:50' 
377.71286487579346 0.5 1.7 -151.83371559633028 597.9597355769231 0.0 0.0 '05/08/2021' '11:32:53' 
380.54299902915955 0.5 2.4 -56.809633027522935 523.0943509615385 0.0 0.0 '05/08/2021' '11:32:56' 
383.2994239330292 0.5 2.4 7.08772935779816 466.73888221153845 0.0 0.0 '05/08/2021' '11:32:59' 
386.1115801334381 0.5 2.4 -32.12385321100917 456.34855769230774 0.0 0.0 '05/08/2021' '11:33:01' 
388.89891052246094 0.5 2.4 -80.39048165137615 435.01742788461536 0.0 0.0 '05/08/2021' '11:33:04' 
391.7185969352722 0.7 3.5 -178.05561926605506 429.30618990384613 0.0 0.0 '05/08/2021' '11:33:07' 
394.5306098461151 0.7 3.5 -88.34059633027523 361.7346754807692 0.0 0.0 '05/08/2021' '11:33:10' 
397.35458493232727 0.7 3.3 -99.9019495412844 282.05258413461536 0.0 0.0 '05/08/2021' '11:33:13' 
400.18301248550415 0.7 3.3 209.4518348623853 149.45552884615387 0.0 0.0 '05/08/2021' '11:33:15' 
402.97855734825134 0.7 3.3 -101.4919724770642 144.43239182692307 0.0 0.0 '05/08/2021' '11:33:18' 
405.75462222099304 0.7 3.2 -223.0613532110092 -17.20252403846154 0.0 0.0 '05/08/2021' '11:33:21' 
408.5027070045471 0.7 3.2 -86.07683486238531 -5.298377403846153 0.0 0.0 '05/08/2021' '11:33:24' 
411.30859994888306 0.7 3.2 -95.88646788990823 348.79837740384613 0.0 0.0 '05/08/2021' '11:33:27' 
414.11581563949585 0.7 3.6 66.29587155963303 214.61868990384616 0.0 0.0 '05/08/2021' '11:33:29' 
416.84655141830444 0.6 3.1 80.30963302752293 422.63161057692304 0.0 0.0 '05/08/2021' '11:33:32' 
419.63526725769043 0.6 3.0 -168.16513761467888 660.2328725961539 0.0 0.0 '05/08/2021' '11:33:35' 
422.4246051311493 0.6 3.0 -116.26032110091742 868.8650841346155 0.0 0.0 '05/08/2021' '11:33:38' 
425.17666816711426 0.6 3.0 -72.79071100917432 936.6430288461538 0.0 0.0 '05/08/2021' '11:33:40' 
427.9229984283447 0.6 3.0 -233.38302752293575 1137.7061298076922 0.0 0.0 '05/08/2021' '11:33:43' 
430.677357673645 0.6 3.9 -142.26662844036696 1307.9423076923078 0.0 0.0 '05/08/2021' '11:33:46' 
433.4113049507141 0.6 3.5 -118.84747706422017 1349.0219350961538 0.0 0.0 '05/08/2021' '11:33:49' 
436.1944465637207 0.6 3.6 -93.54185779816514 1558.5486778846152 0.0 0.0 '05/08/2021' '11:33:51' 
438.9764528274536 0.6 3.5 24.73967889908257 1474.1186899038462 0.0 0.0 '05/08/2021' '11:33:54' 
441.75063395500183 0.6 3.5 -71.68577981651376 1373.3118990384614 0.0 0.0 '05/08/2021' '11:33:57' 
444.53877115249634 0.6 3.5 31.557912844036704 1355.0084134615383 0.0 0.0 '05/08/2021' '11:34:00' 
447.34850573539734 0.6 3.5 -50.47649082568806 1304.5706129807693 0.0 0.0 '05/08/2021' '11:34:03' 
450.1099452972412 0.6 3.7 187.16456422018348 1168.0513822115386 0.0 0.0 '05/08/2021' '11:34:05' 
452.88818311691284 0.6 3.7 43.03841743119267 1180.2307692307693 0.0 0.0 '05/08/2021' '11:34:08' 
455.67429542541504 0.6 3.7 261.2219036697248 1451.480168269231 0.0 0.0 '05/08/2021' '11:34:11' 
458.43864274024963 0.6 3.6 33.65997706422018 1394.6430288461538 0.0 0.0 '05/08/2021' '11:34:14' 
461.2414884567261 0.6 3.6 -116.58371559633026 1405.2397836538462 0.0 0.0 '05/08/2021' '11:34:17' 
464.04418873786926 0.6 2.8 -275.07396788990826 1571.1409254807693 0.0 0.0 '05/08/2021' '11:34:19' 
466.80174350738525 0.6 2.8 -24.28153669724771 1703.0498798076922 0.0 0.0 '05/08/2021' '11:34:22' 
469.59125447273254 0.6 2.8 -285.6651376146789 1799.315204326923 0.0 0.0 '05/08/2021' '11:34:25' 
472.3977835178375 0.6 2.8 -346.6788990825688 1804.3383413461538 0.0 0.0 '05/08/2021' '11:34:28' 
475.16101241111755 0.4 1.8 -285.85378440366975 1738.2118389423076 0.0 0.0 '05/08/2021' '11:34:30' 
477.909827709198 0.4 1.8 -68.82912844036696 1592.3344350961538 0.0 0.0 '05/08/2021' '11:34:33' 
480.6636760234833 0.4 1.7 -34.19896788990825 1362.4399038461538 0.0 0.0 '05/08/2021' '11:34:36' 
483.41789841651917 0.4 1.7 -38.430045871559635 1220.553485576923 0.0 0.0 '05/08/2021' '11:34:39' 
486.1711139678955 0.4 1.8 41.96043577981651 1043.436298076923 0.0 0.0 '05/08/2021' '11:34:41' 
488.91855931282043 0.5 1.8 -61.337155963302756 994.5811298076923 0.0 0.0 '05/08/2021' '11:34:44' 
491.6622998714447 0.5 1.8 252.7866972477064 704.4777644230769 0.0 0.0 '05/08/2021' '11:34:47' 
494.4364438056946 0.5 1.8 -263.2161697247707 938.7073317307692 0.0 0.0 '05/08/2021' '11:34:50' 
497.21775007247925 0.5 1.5 -270.9506880733945 487.72596153846155 0.0 0.0 '05/08/2021' '11:34:52' 
499.98964190483093 0.5 1.6 -153.31594036697243 393.9378004807692 0.0 0.0 '05/08/2021' '11:34:55' 
502.7971251010895 0.5 1.6 -27.057339449541278 477.6796875 0.0 0.0 '05/08/2021' '11:34:58' 
505.59789061546326 0.6 2.0 -17.247706422018346 367.85877403846155 0.0 0.0 '05/08/2021' '11:35:01' 
508.34309792518616 0.6 2.0 -126.79759174311926 392.83683894230774 0.0 0.0 '05/08/2021' '11:35:04' 
511.08912920951843 0.7 2.1 -274.21158256880733 358.91346153846155 0.0 0.0 '05/08/2021' '11:35:06' 
513.8463385105133 0.7 1.2 -154.5017201834862 322.71935096153845 0.0 0.0 '05/08/2021' '11:35:09' 
516.5753917694092 0.7 1.2 125.42316513761466 310.9528245192308 0.0 0.0 '05/08/2021' '11:35:12' 
519.3155918121338 0.7 1.9 -166.0900229357798 309.3701923076923 0.0 0.0 '05/08/2021' '11:35:15' 
522.0873806476593 0.7 1.8 -179.99598623853208 202.4393028846154 0.0 0.0 '05/08/2021' '11:35:17' 
524.8876435756683 0.7 1.9 -176.00745412844037 216.82061298076923 0.0 0.0 '05/08/2021' '11:35:20' 
527.6449069976807 0.7 1.9 -115.10149082568807 54.49759615384615 0.0 0.0 '05/08/2021' '11:35:23' 
530.4132761955261 0.7 1.9 -99.1204128440367 -28.212139423076923 0.0 0.0 '05/08/2021' '11:35:26' 
533.1746797561646 0.7 1.7 44.60149082568807 -258.6571514423077 0.0 0.0 '05/08/2021' '11:35:28' 
535.9454329013824 0.7 1.7 -201.60951834862385 -142.43689903846152 0.0 0.0 '05/08/2021' '11:35:31' 
538.6872909069061 0.7 1.7 -131.32511467889907 -229.6192908653846 0.0 0.0 '05/08/2021' '11:35:34' 
541.432942867279 0.7 1.7 184.68520642201833 -110.50901442307693 0.0 0.0 '05/08/2021' '11:35:37' 
544.1742494106293 0.7 1.7 306.90137614678895 -125.9912860576923 0.0 0.0 '05/08/2021' '11:35:39' 
546.9823620319366 0.7 1.7 64.35550458715595 -99.56820913461539 0.0 0.0 '05/08/2021' '11:35:42' 
549.7537186145782 0.6 1.7 61.337155963302756 -24.014723557692307 0.0 0.0 '05/08/2021' '11:35:45' 
552.5722970962524 0.6 1.7 81.38761467889908 165.2130408653846 0.0 0.0 '05/08/2021' '11:35:48' 
555.3485941886902 0.7 1.7 -380.95871559633025 188.95252403846152 0.0 0.0 '05/08/2021' '11:35:51' 
558.1613826751709 0.7 1.7 -298.76261467889907 460.2707331730769 0.0 0.0 '05/08/2021' '11:35:53' 
560.9961378574371 0.7 1.8 -62.52293577981651 575.0459735576923 0.0 0.0 '05/08/2021' '11:35:56' 
563.835972070694 0.7 1.8 -80.60607798165138 683.0778245192307 0.0 0.0 '05/08/2021' '11:35:59' 
566.638121843338 0.7 1.8 -268.57912844036696 697.3903245192307 0.0 0.0 '05/08/2021' '11:36:02' 
569.4285750389099 0.7 1.8 -231.49655963302752 731.4513221153846 0.0 0.0 '05/08/2021' '11:36:05' 
572.2318987846375 0.7 1.9 -74.0303899082569 705.9227764423076 0.0 0.0 '05/08/2021' '11:36:08' 
575.0028204917908 0.7 1.9 -106.5854357798165 714.2487980769231 0.0 0.0 '05/08/2021' '11:36:10' 
577.7964417934418 0.6 1.9 -58.10321100917431 646.8149038461539 0.0 0.0 '05/08/2021' '11:36:13' 
580.5556645393372 0.7 1.9 109.28038990825688 642.6862980769231 0.0 0.0 '05/08/2021' '11:36:16' 
583.314715385437 0.6 1.9 481.3996559633027 567.0640024038461 0.0 0.0 '05/08/2021' '11:36:19' 
586.0983562469482 0.6 1.8 -204.2775229357798 565.0685096153846 0.0 0.0 '05/08/2021' '11:36:21' 
588.8740358352661 0.5 1.4 -124.74942660550457 553.9212740384615 0.0 0.0 '05/08/2021' '11:36:24' 
591.6380903720856 0.5 1.4 -59.82798165137615 597.6844951923076 0.0 0.0 '05/08/2021' '11:36:27' 
594.425861120224 0.4 1.4 334.47075688073386 444.58203125 0.0 0.0 '05/08/2021' '11:36:30' 
597.2333827018738 0.4 1.4 447.09288990825684 672.6875 0.0 0.0 '05/08/2021' '11:36:33' 
600.2167146205902 0.4 1.4 421.9220183486238 653.6959134615385 0.0 0.0 '05/08/2021' '11:36:35' 
603.0026068687439 0.4 0.6 189.29357798165134 705.9915865384615 0.0 0.0 '05/08/2021' '11:36:38' 
605.7669630050659 0.4 0.7 -20.508600917431167 688.9954927884615 0.0 0.0 '05/08/2021' '11:36:41' 
608.5175986289978 0.4 0.7 -589.6290137614678 867.6953125 0.0 0.0 '05/08/2021' '11:36:44' 
611.2761301994324 0.4 0.7 -642.7465596330275 1124.1505408653845 0.0 0.0 '05/08/2021' '11:36:47' 
614.040580034256 0.4 0.7 -383.30332568807336 1328.9981971153845 0.0 0.0 '05/08/2021' '11:36:49' 
616.8446574211121 0.4 0.7 -225.45986238532106 1218.902043269231 0.0 0.0 '05/08/2021' '11:36:52' 
619.6518352031708 0.4 0.7 -96.77580275229357 1522.148137019231 0.0 0.0 '05/08/2021' '11:36:55' 
622.4666016101837 0.5 0.7 5.6863532110091795 1696.3064903846152 0.0 0.0 '05/08/2021' '11:36:58' 
625.2755823135376 0.4 0.7 137.3348623853211 1799.6592548076922 0.0 0.0 '05/08/2021' '11:37:01' 
628.0829818248749 0.4 0.7 294.019495412844 1678.4158653846152 0.0 0.0 '05/08/2021' '11:37:03' 
630.8757855892181 0.4 0.7 -96.80275229357797 1736.4915865384614 0.0 0.0 '05/08/2021' '11:37:06' 
633.6611771583557 0.4 0.7 -46.946100917431174 1740.413762019231 0.0 0.0 '05/08/2021' '11:37:09' 
636.4333744049072 0.4 0.7 -396.7511467889908 1594.6739783653845 0.0 0.0 '05/08/2021' '11:37:12' 
639.1925959587097 0.4 0.6 -664.1714449541283 1728.0279447115383 0.0 0.0 '05/08/2021' '11:37:14' 
642.0025682449341 0.4 0.6 -394.05619266055044 1563.7782451923076 0.0 0.0 '05/08/2021' '11:37:17' 
644.8061995506287 0.4 0.6 -217.59059633027522 1451.82421875 0.0 0.0 '05/08/2021' '11:37:20' 
647.5835707187653 0.4 0.6 -111.05905963302753 1437.8557692307693 0.0 0.0 '05/08/2021' '11:37:23' 
650.3680791854858 0.4 0.5 -84.83715596330276 1465.4486177884614 0.0 0.0 '05/08/2021' '11:37:26' 
653.14257645607 0.4 0.5 278.57740825688074 1421.891826923077 0.0 0.0 '05/08/2021' '11:37:28' 
655.9190678596497 0.4 0.5 -5.713302752293582 1305.3275240384614 0.0 0.0 '05/08/2021' '11:37:31' 
658.7116541862488 0.4 0.5 275.8824541284404 1267.2755408653845 0.0 0.0 '05/08/2021' '11:37:34' 
661.5338053703308 0.4 0.5 -91.38589449541281 1266.312199519231 0.0 0.0 '05/08/2021' '11:37:37' 
664.3431289196014 0.4 0.4 -189.7517201834862 955.6346153846155 0.0 0.0 '05/08/2021' '11:37:40' 
667.13858294487 0.6 1.7 -84.75630733944953 1134.1280048076922 0.0 0.0 '05/08/2021' '11:37:42' 
669.9345512390137 0.6 1.8 86.53497706422017 1039.1012620192307 0.0 0.0 '05/08/2021' '11:37:45' 
672.7097930908203 0.6 1.8 -41.9334862385321 945.7259615384615 0.0 0.0 '05/08/2021' '11:37:48' 
675.5088472366333 0.6 1.8 -170.02465596330273 738.1259014423076 0.0 0.0 '05/08/2021' '11:37:51' 
678.2603344917297 0.6 1.9 -56.944380733944946 680.1189903846155 0.0 0.0 '05/08/2021' '11:37:54' 
681.0358970165253 0.6 1.9 -50.90768348623853 565.2061298076923 0.0 0.0 '05/08/2021' '11:37:56' 
683.8327028751373 0.6 1.9 138.89793577981646 608.0060096153846 0.0 0.0 '05/08/2021' '11:37:59' 
686.617110490799 0.6 1.8 -18.137041284403672 478.71183894230774 0.0 0.0 '05/08/2021' '11:38:02' 
689.4167895317078 0.6 1.8 158.5172018348624 356.7803485576923 0.0 0.0 '05/08/2021' '11:38:05' 
692.2012190818787 0.5 1.8 16.708715596330272 253.15234375 0.0 0.0 '05/08/2021' '11:38:07' 
695.0689551830292 0.5 1.7 -41.85263761467891 61.37860576923077 0.0 0.0 '05/08/2021' '11:38:10' 
697.8908538818359 0.6 1.8 -283.83256880733944 33.64813701923077 0.0 0.0 '05/08/2021' '11:38:13' 
700.7126090526581 0.6 1.8 -139.84116972477065 -27.042367788461537 0.0 0.0 '05/08/2021' '11:38:16' 
703.4841461181641 0.6 1.8 -145.2849770642202 -98.74248798076923 0.0 0.0 '05/08/2021' '11:38:19' 
706.288583278656 0.6 1.8 -179.3761467889908 -196.59044471153845 0.0 0.0 '05/08/2021' '11:38:22' 
709.068217754364 0.6 1.8 -187.59575688073394 -317.83383413461536 0.0 0.0 '05/08/2021' '11:38:24' 
711.8752589225769 0.6 1.8 95.13188073394495 -371.7809495192308 0.0 0.0 '05/08/2021' '11:38:27' 
714.6552684307098 0.6 1.8 183.33772935779814 -393.3185096153846 0.0 0.0 '05/08/2021' '11:38:30' 
717.4694073200226 0.6 1.8 70.01490825688073 -433.0219350961538 0.0 0.0 '05/08/2021' '11:38:33' 
720.2818524837494 0.6 2.9 -148.4650229357798 -645.8515625 0.0 0.0 '05/08/2021' '11:38:36' 
723.0856416225433 0.6 3.0 -198.75286697247705 -639.5210336538461 0.0 0.0 '05/08/2021' '11:38:38' 
725.9141891002655 0.7 3.1 -73.41055045871559 -468.734375 0.0 0.0 '05/08/2021' '11:38:41' 
728.690173625946 0.7 3.1 -12.720183486238533 -715.3497596153846 0.0 0.0 '05/08/2021' '11:38:44' 
731.4542419910431 0.7 3.1 225.81020642201833 -501.6944110576923 0.0 0.0 '05/08/2021' '11:38:47' 
734.234194278717 0.7 3.1 35.78899082568805 -386.23106971153845 0.0 0.0 '05/08/2021' '11:38:50' 
737.0447020530701 0.6 3.0 76.509747706422 -57.52524038461538 0.0 0.0 '05/08/2021' '11:38:52' 
739.80548620224 0.6 3.0 335.3600917431192 163.49278846153848 0.0 0.0 '05/08/2021' '11:38:55' 
742.6004559993744 0.6 2.9 -205.46330275229357 451.3254206730769 0.0 0.0 '05/08/2021' '11:38:58' 
745.3972437381744 0.6 2.9 156.4690366972477 728.5612980769231 0.0 0.0 '05/08/2021' '11:39:01' 
748.221143245697 0.6 3.0 -113.29587155963301 959.9008413461538 0.0 0.0 '05/08/2021' '11:39:03' 
751.0089120864868 0.4 1.6 94.53899082568806 1156.4912860576922 0.0 0.0 '05/08/2021' '11:39:06' 
753.8020441532135 0.4 1.6 -40.801605504587165 1259.087139423077 0.0 0.0 '05/08/2021' '11:39:09' 
756.5700523853302 0.4 1.7 9.594036697247704 1295.9005408653845 0.0 0.0 '05/08/2021' '11:39:12' 
759.3732779026031 0.4 1.7 -98.09633027522935 1126.0772235576922 0.0 0.0 '05/08/2021' '11:39:15' 
762.1508977413177 0.4 1.6 3.8807339449541223 1065.6619591346152 0.0 0.0 '05/08/2021' '11:39:17' 
764.9182586669922 0.4 1.6 123.96788990825688 934.3034855769231 0.0 0.0 '05/08/2021' '11:39:20' 
767.6704413890839 0.5 1.7 130.2201834862385 750.0300480769231 0.0 0.0 '05/08/2021' '11:39:23' 
770.4466047286987 0.5 1.7 -95.05103211009174 647.5030048076923 0.0 0.0 '05/08/2021' '11:39:26' 
773.254457950592 0.5 1.7 120.49139908256882 537.3380408653846 0.0 0.0 '05/08/2021' '11:39:29' 
776.0152006149292 0.5 1.7 -128.92660550458714 469.42247596153845 0.0 0.0 '05/08/2021' '11:39:31' 
778.8162195682526 0.5 1.7 18.056192660550458 446.8527644230769 0.0 0.0 '05/08/2021' '11:39:34' 
781.5859048366547 0.5 1.7 377.5900229357798 324.4396033653846 0.0 0.0 '05/08/2021' '11:39:37' 
784.3917472362518 0.5 1.6 2.5332568807339464 249.78064903846152 0.0 0.0 '05/08/2021' '11:39:40' 
787.1979506015778 0.5 2.1 70.36525229357798 221.15564903846152 0.0 0.0 '05/08/2021' '11:39:42' 
789.960545539856 0.5 2.1 -107.2052752293578 105.89873798076923 0.0 0.0 '05/08/2021' '11:39:45' 
792.7224097251892 0.5 2.1 95.4552752293578 128.88131009615384 0.0 0.0 '05/08/2021' '11:39:48' 
795.5020544528961 0.5 2.1 14.040711009174288 6.055288461538462 0.0 0.0 '05/08/2021' '11:39:51' 
798.3237979412079 0.5 2.5 -152.884747706422 131.90895432692307 0.0 0.0 '05/08/2021' '11:39:54' 
801.1654033660889 0.5 3.0 -87.77465596330275 83.67307692307693 0.0 0.0 '05/08/2021' '11:39:56' 
803.944079875946 0.5 2.0 64.46330275229357 -51.12590144230769 0.0 0.0 '05/08/2021' '11:39:59' 
806.7550506591797 0.5 1.9 -149.7855504587156 31.10216346153846 0.0 0.0 '05/08/2021' '11:40:02' 
809.5766577720642 0.5 1.9 -12.073394495412831 127.91796875 0.0 0.0 '05/08/2021' '11:40:05' 
812.3822441101074 0.5 2.0 -296.4719036697247 216.27013221153845 0.0 0.0 '05/08/2021' '11:40:08' 
815.1474380493164 0.5 2.0 -133.9392201834862 231.82121394230768 0.0 0.0 '05/08/2021' '11:40:10' 
817.9446289539337 0.5 2.0 -109.33428899082567 383.6162860576923 0.0 0.0 '05/08/2021' '11:40:13' 
820.7683303356171 0.5 2.0 129.519495412844 492.68028846153845 0.0 0.0 '05/08/2021' '11:40:16' 
823.5842418670654 0.6 2.2 -62.65768348623853 619.4284855769231 0.0 0.0 '05/08/2021' '11:40:19' 
826.3981359004974 0.6 2.2 -82.11525229357798 621.9744591346155 0.0 0.0 '05/08/2021' '11:40:22' 
829.174220085144 0.6 2.2 133.26548165137615 689.7524038461539 0.0 0.0 '05/08/2021' '11:40:24' 
831.9674804210663 0.6 2.2 -31.85435779816515 744.3188100961538 0.0 0.0 '05/08/2021' '11:40:27' 
834.7527871131897 0.7 2.3 -262.43463302752286 994.5811298076923 0.0 0.0 '05/08/2021' '11:40:30' 
837.5283534526825 0.7 2.4 -26.94954128440367 928.7986778846155 0.0 0.0 '05/08/2021' '11:40:33' 
840.3210437297821 0.7 2.3 -481.42660550458714 950.8179086538461 0.0 0.0 '05/08/2021' '11:40:36' 
843.117570400238 0.7 2.3 -223.49254587155963 972.2178485576923 0.0 0.0 '05/08/2021' '11:40:38' 
845.9310348033905 0.7 2.3 73.14105504587155 881.9390024038461 0.0 0.0 '05/08/2021' '11:40:41' 
848.7129924297333 0.7 2.3 -33.17488532110091 750.0300480769231 0.0 0.0 '05/08/2021' '11:40:44' 
851.5070099830627 0.7 2.4 58.42660550458716 597.0652043269231 0.0 0.0 '05/08/2021' '11:40:47' 
854.2931220531464 0.7 2.6 107.36697247706421 461.9221754807692 0.0 0.0 '05/08/2021' '11:40:50' 
857.12357878685 0.7 2.5 -157.76261467889904 635.1859975961539 0.0 0.0 '05/08/2021' '11:40:52' 
859.9419741630554 0.7 2.5 85.8612385321101 646.74609375 0.0 0.0 '05/08/2021' '11:40:55' 
862.7542059421539 0.7 3.1 40.39736238532111 705.0970552884615 0.0 0.0 '05/08/2021' '11:40:58' 
865.5551192760468 0.7 3.1 -260.52121559633025 621.1487379807692 0.0 0.0 '05/08/2021' '11:41:01' 
868.3281586170197 0.7 3.1 33.36353211009174 554.4717548076923 0.0 0.0 '05/08/2021' '11:41:04' 
871.1635282039642 0.7 2.7 10.51032110091743 649.7049278846155 0.0 0.0 '05/08/2021' '11:41:06' 
873.9469611644745 0.7 2.7 -45.40997706422018 581.0324519230769 0.0 0.0 '05/08/2021' '11:41:09' 
876.7348086833954 0.7 2.6 -4.311926605504587 723.0564903846155 0.0 0.0 '05/08/2021' '11:41:12' 
879.5020980834961 0.7 2.7 -236.61697247706422 724.3638822115385 0.0 0.0 '05/08/2021' '11:41:15' 
882.3035898208618 0.7 2.3 -30.37213302752294 852.6947115384615 0.0 0.0 '05/08/2021' '11:41:18' 
885.0799186229706 0.6 1.8 -84.13646788990825 796.4768629807692 0.0 0.0 '05/08/2021' '11:41:20' 
887.8872847557068 0.6 1.7 -47.7276376146789 790.5591947115385 0.0 0.0 '05/08/2021' '11:41:23' 
890.689311504364 0.6 1.6 152.26490825688074 707.57421875 0.0 0.0 '05/08/2021' '11:41:26' 
893.4820804595947 0.6 1.7 101.4919724770642 393.80018028846155 0.0 0.0 '05/08/2021' '11:41:29' 
896.3400590419769 0.6 1.6 -104.80676605504583 501.9008413461538 0.0 0.0 '05/08/2021' '11:41:32' 
899.1999599933624 0.6 1.6 154.25917431192659 122.20673076923076 0.0 0.0 '05/08/2021' '11:41:34' 
902.0283472537994 0.6 1.6 -135.98738532110093 19.129206730769234 0.0 0.0 '05/08/2021' '11:41:37' 
904.8628644943237 0.6 1.5 -129.38474770642202 102.93990384615384 0.0 0.0 '05/08/2021' '11:41:40' 
907.660829782486 0.5 1.4 -381.95584862385317 362.6292067307692 0.0 0.0 '05/08/2021' '11:41:43' 
910.4383437633514 0.5 1.4 -144.50344036697248 408.73197115384613 0.0 0.0 '05/08/2021' '11:41:46' 
913.2360050678253 0.5 1.4 46.94610091743114 606.2169471153846 0.0 0.0 '05/08/2021' '11:41:49' 
916.0767743587494 0.5 1.4 -262.43463302752286 783.4717548076923 0.0 0.0 '05/08/2021' '11:41:51' 
918.9249625205994 0.5 1.3 -208.427752293578 848.6349158653846 0.0 0.0 '05/08/2021' '11:41:54' 
921.8096618652344 0.5 1.2 -49.42545871559633 800.7430889423076 0.0 0.0 '05/08/2021' '11:41:57' 
924.618155002594 0.5 1.2 -243.03096330275227 877.0534855769231 0.0 0.0 '05/08/2021' '11:42:00' 
927.4214313030243 0.5 1.2 6.063646788990825 1103.9891826923076 0.0 0.0 '05/08/2021' '11:42:03' 
930.1819622516632 0.5 1.2 130.54357798165134 1071.4420072115386 0.0 0.0 '05/08/2021' '11:42:05' 
932.9759120941162 0.5 1.2 105.61525229357797 885.6547475961538 0.0 0.0 '05/08/2021' '11:42:08' 
935.7730758190155 0.5 1.3 -91.52064220183487 993.9618389423076 0.0 0.0 '05/08/2021' '11:42:11' 
938.530993938446 0.5 1.1 -82.57339449541284 970.0159254807692 0.0 0.0 '05/08/2021' '11:42:14' 
941.3241522312164 0.5 1.2 -30.938073394495408 945.1066706730769 0.0 0.0 '05/08/2021' '11:42:17' 
944.0964646339417 0.5 1.2 -300.27178899082566 1165.5054086538462 0.0 0.0 '05/08/2021' '11:42:19' 
946.921003818512 0.4 0.7 -53.575688073394495 1168.3954326923076 0.0 0.0 '05/08/2021' '11:42:22' 
949.7235581874847 0.5 1.2 232.30504587155963 1282.276141826923 0.0 0.0 '05/08/2021' '11:42:25' 
952.5407381057739 0.5 1.4 170.13245412844034 1210.3695913461538 0.0 0.0 '05/08/2021' '11:42:28' 
955.3439009189606 0.5 1.5 115.34403669724769 1459.9438100961538 0.0 0.0 '05/08/2021' '11:42:31' 
958.3791615962982 0.5 2.2 -31.638761467889907 1370.7659254807693 0.0 0.0 '05/08/2021' '11:42:34' 
961.1572644710541 0.5 2.2 -353.8205275229357 1363.8849158653845 0.0 0.0 '05/08/2021' '11:42:36' 
963.9228863716125 0.5 2.1 -500.6685779816513 1490.3578725961538 0.0 0.0 '05/08/2021' '11:42:39' 
966.6884381771088 0.5 2.1 -324.6072247706422 1401.1111778846152 0.0 0.0 '05/08/2021' '11:42:42' 
969.5137460231781 0.5 2.1 -187.9730504587156 1242.7103365384614 0.0 0.0 '05/08/2021' '11:42:45' 
972.2980260848999 0.5 2.1 42.715022935779814 1154.83984375 0.0 0.0 '05/08/2021' '11:42:48' 
975.1174416542053 0.5 2.1 -36.35493119266057 1103.0946514423076 0.0 0.0 '05/08/2021' '11:42:50' 
977.8922865390778 0.5 2.1 125.82740825688067 771.3611778846155 0.0 0.0 '05/08/2021' '11:42:53' 
980.656236410141 0.5 2.1 -117.14965596330273 864.7364783653846 0.0 0.0 '05/08/2021' '11:42:56' 
983.4340238571167 0.6 2.1 -133.04988532110093 711.2899639423076 0.0 0.0 '05/08/2021' '11:42:59' 
986.2544088363647 0.6 2.1 -127.79472477064219 601.8819110576923 0.0 0.0 '05/08/2021' '11:43:02' 
989.0386755466461 0.6 2.1 -226.51089449541283 314.7373798076923 0.0 0.0 '05/08/2021' '11:43:04' 
991.8379487991333 0.5 2.1 -234.67660550458712 330.77013221153845 0.0 0.0 '05/08/2021' '11:43:07' 
994.6395313739777 0.6 2.2 -48.15883027522935 297.81009615384613 0.0 0.0 '05/08/2021' '11:43:10' 
997.458089351654 0.6 2.2 -131.3790137614679 324.85246394230774 0.0 0.0 '05/08/2021' '11:43:13' 
1000.2368388175964 0.6 2.2 -165.41628440366972 406.53004807692304 0.0 0.0 '05/08/2021' '11:43:16' 
1003.0323975086212 0.6 2.2 8.0848623853211 210.62770432692307 0.0 0.0 '05/08/2021' '11:43:18' 
1005.8428363800049 0.5 2.2 449.11410550458714 298.36057692307696 0.0 0.0 '05/08/2021' '11:43:21' 
1008.6304304599762 0.5 2.2 406.2643348623853 345.42668269230774 0.0 0.0 '05/08/2021' '11:43:24' 
1011.4033362865448 0.5 2.2 85.34919724770643 198.72355769230768 0.0 0.0 '05/08/2021' '11:43:27' 
1014.2158715724945 0.6 2.8 300.91857798165137 149.04266826923077 0.0 0.0 '05/08/2021' '11:43:30' 
1017.0159540176392 0.6 2.8 -212.01204128440364 253.08353365384616 0.0 0.0 '05/08/2021' '11:43:32' 
1019.8434898853302 0.6 2.6 26.89564220183485 352.9957932692308 0.0 0.0 '05/08/2021' '11:43:35' 
1022.6813497543335 0.6 2.6 -385.0011467889908 258.5883413461538 0.0 0.0 '05/08/2021' '11:43:38' 
1025.5458252429962 0.6 2.6 6.602637614678899 89.86598557692308 0.0 0.0 '05/08/2021' '11:43:41' 
1028.316725730896 0.5 2.5 -189.32052752293575 589.0144230769231 0.0 0.0 '05/08/2021' '11:43:44' 
1031.1118488311768 0.6 2.5 -124.31823394495413 358.1565504807692 0.0 0.0 '05/08/2021' '11:43:46' 
1033.8961160182953 0.5 2.0 -132.02580275229357 693.7433894230769 0.0 0.0 '05/08/2021' '11:43:49' 
1036.7062010765076 0.5 1.7 -176.14220183486233 858.9564302884615 0.0 0.0 '05/08/2021' '11:43:52' 
1039.5241618156433 0.5 1.6 214.86869266055044 909.6006610576923 0.0 0.0 '05/08/2021' '11:43:55' 
1042.3378026485443 0.5 1.0 -217.24025229357795 888.0631009615385 0.0 0.0 '05/08/2021' '11:43:58' 
1045.1985456943512 0.5 1.3 -72.19782110091742 930.1060697115385 0.0 0.0 '05/08/2021' '11:44:00' 
1048.0556495189667 0.5 1.3 -164.5 719.9600360576923 0.0 0.0 '05/08/2021' '11:44:03' 
1050.9021575450897 0.5 1.3 54.86926605504588 761.9341947115385 0.0 0.0 '05/08/2021' '11:44:06' 
1053.7166407108307 0.5 1.3 -152.884747706422 610.0703125 0.0 0.0 '05/08/2021' '11:44:09' 
1056.5256955623627 0.5 1.7 -50.09919724770643 596.1706730769231 0.0 0.0 '05/08/2021' '11:44:12' 
1059.322895526886 0.5 1.7 -65.3526376146789 615.1622596153846 0.0 0.0 '05/08/2021' '11:44:15' 
1062.1289730072021 0.5 1.7 145.6892201834862 498.46033653846155 0.0 0.0 '05/08/2021' '11:44:17' 
1064.9535112380981 0.5 1.7 -208.91284403669724 552.8891225961538 0.0 0.0 '05/08/2021' '11:44:20' 
1067.7576611042023 0.4 1.7 666.9202981651375 369.1661658653846 0.0 0.0 '05/08/2021' '11:44:23' 
1070.6183624267578 0.4 1.7 57.13302752293578 381.96484375 0.0 0.0 '05/08/2021' '11:44:26' 
1073.488656282425 0.5 1.7 -71.82052752293578 193.56280048076923 0.0 0.0 '05/08/2021' '11:44:29' 
1076.313719511032 0.5 1.7 -141.86238532110093 282.2590144230769 0.0 0.0 '05/08/2021' '11:44:32' 
1079.1121113300323 0.4 1.7 157.9243119266055 120.34885817307693 0.0 0.0 '05/08/2021' '11:44:34' 
1081.8946471214294 0.4 1.7 -225.59461009174308 244.20703125 0.0 0.0 '05/08/2021' '11:44:37' 
1084.7049353122711 0.4 2.1 -253.6760321100917 153.7217548076923 0.0 0.0 '05/08/2021' '11:44:40' 
1087.493310213089 0.4 2.1 -93.40711009174309 290.5850360576923 0.0 0.0 '05/08/2021' '11:44:43' 
1090.3644115924835 0.4 2.1 -219.58486238532106 576.9038461538461 0.0 0.0 '05/08/2021' '11:44:46' 
1093.159416437149 0.4 2.0 -289.8153669724771 528.8743990384615 0.0 0.0 '05/08/2021' '11:44:48' 
1096.0558030605316 0.4 2.0 -49.31766055045872 905.9537259615385 0.0 0.0 '05/08/2021' '11:44:51' 
1098.9197309017181 0.4 1.4 -30.345183486238533 1157.6610576923076 0.0 0.0 '05/08/2021' '11:44:54' 
1101.780505657196 0.4 1.4 43.25401376146789 1215.7367788461538 0.0 0.0 '05/08/2021' '11:44:57' 
1104.6141712665558 0.5 2.0 206.46043577981646 1575.2007211538462 0.0 0.0 '05/08/2021' '11:45:00' 
1107.4922933578491 0.5 2.0 58.07626146788991 1836.47265625 0.0 0.0 '05/08/2021' '11:45:03' 
1110.3708250522614 0.5 2.0 -14.956995412844037 2053.430889423077 0.0 0.0 '05/08/2021' '11:45:06' 
1113.2279043197632 0.5 2.1 162.02064220183487 2188.092247596154 0.0 0.0 '05/08/2021' '11:45:08' 
1116.02818775177 0.5 2.1 63.49311926605504 2190.638221153846 0.0 0.0 '05/08/2021' '11:45:11' 
1118.860092639923 0.5 3.1 30.23738532110091 2157.609375 0.0 0.0 '05/08/2021' '11:45:14' 
1121.7177815437317 0.5 3.2 -24.766628440366972 1907.8287259615383 0.0 0.0 '05/08/2021' '11:45:17' 
1124.5333602428436 0.6 4.2 253.0561926605504 1437.2364783653845 0.0 0.0 '05/08/2021' '11:45:20' 
1127.3646819591522 0.6 4.2 -97.66513761467888 1243.811298076923 0.0 0.0 '05/08/2021' '11:45:23' 
1130.1727907657623 0.5 4.2 46.59575688073394 1015.6370192307692 0.0 0.0 '05/08/2021' '11:45:25' 
1132.9942708015442 0.5 4.2 227.56192660550454 670.00390625 0.0 0.0 '05/08/2021' '11:45:28' 
1135.8348608016968 0.5 4.1 -132.02580275229357 301.25060096153845 0.0 0.0 '05/08/2021' '11:45:31' 
1138.675544977188 0.5 4.1 -50.018348623853214 678.2611177884615 0.0 0.0 '05/08/2021' '11:45:34' 
1141.4962842464447 0.5 3.8 143.26376146788988 374.18930288461536 0.0 0.0 '05/08/2021' '11:45:37' 
1144.339946269989 0.5 3.8 208.69724770642196 173.2638221153846 0.0 0.0 '05/08/2021' '11:45:40' 
1147.1397199630737 0.5 3.8 -55.30045871559633 226.86688701923077 0.0 0.0 '05/08/2021' '11:45:42' 
1149.9465811252594 0.5 3.8 -27.030389908256883 63.71814903846154 0.0 0.0 '05/08/2021' '11:45:45' 
1152.7671310901642 0.5 3.7 -187.75745412844037 -50.64423076923077 0.0 0.0 '05/08/2021' '11:45:48' 
1155.5360190868378 0.5 3.7 9.297591743119266 100.9444110576923 0.0 0.0 '05/08/2021' '11:45:51' 
1158.337361574173 0.5 3.7 213.06307339449538 -88.07692307692308 0.0 0.0 '05/08/2021' '11:45:54' 
1161.116176366806 0.5 4.0 147.8721330275229 -186.13131009615387 0.0 0.0 '05/08/2021' '11:45:56' 
1163.880197763443 0.5 4.0 155.7683486238532 -259.4140625 0.0 0.0 '05/08/2021' '11:45:59' 
1166.65624666214 0.5 4.2 56.24369266055045 -213.79296875 0.0 0.0 '05/08/2021' '11:46:02' 
1169.4902963638306 0.5 3.9 206.94552752293575 -469.76652644230774 0.0 0.0 '05/08/2021' '11:46:05' 
1172.3244955539703 0.5 3.9 80.79472477064219 -455.72926682692304 0.0 0.0 '05/08/2021' '11:46:08' 
1175.1082649230957 0.5 3.9 -24.766628440366972 -543.5997596153846 0.0 0.0 '05/08/2021' '11:46:10' 
1177.9037292003632 0.5 3.9 238.9076834862385 -623.1442307692307 0.0 0.0 '05/08/2021' '11:46:13' 
1180.6810932159424 0.5 3.8 234.73050458715593 -785.8112980769231 0.0 0.0 '05/08/2021' '11:46:16' 
1183.495186328888 0.5 3.8 269.3337155963303 -777.8293269230769 0.0 0.0 '05/08/2021' '11:46:19' 
1186.270520210266 0.5 4.1 -47.18864678899083 -1008.4119591346155 0.0 0.0 '05/08/2021' '11:46:22' 
1189.0834467411041 0.4 3.5 21.397935779816507 -955.7034254807692 0.0 0.0 '05/08/2021' '11:46:24' 
1191.8648569583893 0.4 3.4 303.69438073394497 -990.0396634615385 0.0 0.0 '05/08/2021' '11:46:27' 
1194.6980004310608 0.4 3.4 602.2413990825687 -987.0808293269231 0.0 0.0 '05/08/2021' '11:46:30' 
1197.5313742160797 0.4 3.4 -2.587155963302751 -1009.3753004807692 0.0 0.0 '05/08/2021' '11:46:33' 
1200.3623368740082 0.4 3.4 362.2826834862385 -664.1550480769231 0.0 0.0 '05/08/2021' '11:46:36' 
1203.1450762748718 0.4 2.4 156.7385321100917 -580.9636418269231 0.0 0.0 '05/08/2021' '11:46:38' 
                                                                                                                                                                                                      