'time_elapsed' 'pm25 [ug]/m3' 'pm10 [ug]/m3' 'NO2  [ug/m3] ' 'CO  [ug/m3] ' 'niente' 'niente' 'data' 'ora' 
5.9604644775390625e-06 9.1 109.7 -186.43692660550457 3020.4879807692305 0.0 0.0 '05/08/2021' '09:16:17' 
4.42567777633667 8.8 105.0 -256.3709862385321 3024.41015625 0.0 0.0 '05/08/2021' '09:16:21' 
7.16558575630188 8.7 106.8 -145.79701834862385 3023.1715745192305 0.0 0.0 '05/08/2021' '09:16:24' 
9.927156686782837 8.8 106.7 -164.58084862385323 3027.09375 0.0 0.0 '05/08/2021' '09:16:26' 
12.669923305511475 8.7 106.1 -127.49827981651373 3017.185096153846 0.0 0.0 '05/08/2021' '09:16:29' 
15.427376985549927 8.7 103.8 -219.6657110091743 3047.5303485576924 0.0 0.0 '05/08/2021' '09:16:32' 
18.25930142402649 8.8 106.1 -185.8709862385321 3054.342548076923 0.0 0.0 '05/08/2021' '09:16:35' 
21.071118593215942 8.8 105.9 -112.43348623853213 3029.983774038462 0.0 0.0 '05/08/2021' '09:16:38' 
23.761399030685425 8.8 105.7 -189.88646788990823 3041.337439903846 0.0 0.0 '05/08/2021' '09:16:40' 
26.628350019454956 8.9 106.3 -221.9564220183486 3025.0294471153843 0.0 0.0 '05/08/2021' '09:16:43' 
29.34869384765625 8.8 106.1 -91.84403669724769 3067.34765625 0.0 0.0 '05/08/2021' '09:16:46' 
32.144225120544434 8.5 102.9 -88.50229357798165 3008.9278846153843 0.0 0.0 '05/08/2021' '09:16:49' 
34.86534094810486 8.5 104.7 -100.54873853211006 3073.953425480769 0.0 0.0 '05/08/2021' '09:16:51' 
37.62877416610718 8.4 101.7 -114.15825688073392 3052.8975360576924 0.0 0.0 '05/08/2021' '09:16:54' 
40.388994216918945 8.5 101.5 -105.61525229357797 3074.572716346154 0.0 0.0 '05/08/2021' '09:16:57' 
43.177430629730225 8.5 100.9 -206.81077981651373 2882.386117788462 0.0 0.0 '05/08/2021' '09:17:00' 
45.901854276657104 8.5 98.2 -107.85206422018346 2783.5060096153843 0.0 0.0 '05/08/2021' '09:17:02' 
48.588632583618164 8.7 100.9 -69.8801605504587 2741.3942307692305 0.0 0.0 '05/08/2021' '09:17:05' 
51.34297704696655 8.7 102.0 -94.7276376146789 2710.4296875 0.0 0.0 '05/08/2021' '09:17:08' 
54.09274744987488 8.8 103.7 -88.01720183486236 2759.147235576923 0.0 0.0 '05/08/2021' '09:17:11' 
56.8175003528595 8.8 106.4 -103.83658256880733 2802.497596153846 0.0 0.0 '05/08/2021' '09:17:13' 
59.526243686676025 8.9 106.7 -110.65481651376143 2837.1778846153843 0.0 0.0 '05/08/2021' '09:17:16' 
62.58695983886719 8.7 106.3 -110.1966743119266 2884.4504206730767 0.0 0.0 '05/08/2021' '09:17:19' 
65.29865336418152 8.7 104.3 -152.39965596330273 2932.7551081730767 0.0 0.0 '05/08/2021' '09:17:22' 
68.03860974311829 8.8 102.0 -190.56020642201833 2947.2052283653843 0.0 0.0 '05/08/2021' '09:17:24' 
70.81525707244873 8.6 101.7 -105.48050458715595 2988.697716346154 0.0 0.0 '05/08/2021' '09:17:27' 
73.56801843643188 8.7 104.8 -92.30217889908256 2992.0006009615386 0.0 0.0 '05/08/2021' '09:17:30' 
76.4816062450409 8.7 102.5 -118.36238532110089 3026.6808894230767 0.0 0.0 '05/08/2021' '09:17:33' 
