'time_elapsed' 'pm25 [ug]/m3' 'pm10 [ug]/m3' 'WE_NO2  [mV] ' 'AE_NO2  [mV] ' 'WE_CO  [mV] ' 'AE_CO [mV]' 'data' 'ora' 
5.9604644775390625e-06 9.1 109.7 327.78125 331.0 1023.96875 227.9375 '05/08/2021' '09:16:17' 
4.42567777633667 8.8 105.0 325.3125 333.96875 1023.96875 228.53125 '05/08/2021' '09:16:21' 
7.16558575630188 8.7 106.8 324.65625 326.875 1023.96875 228.34375 '05/08/2021' '09:16:24' 
9.927156686782837 8.8 106.7 325.03125 328.21875 1023.96875 228.9375 '05/08/2021' '09:16:26' 
12.669923305511475 8.7 106.1 325.53125 326.21875 1023.96875 227.4375 '05/08/2021' '09:16:29' 
15.427376985549927 8.7 103.8 321.96875 329.96875 1023.96875 232.03125 '05/08/2021' '09:16:32' 
18.25930142402649 8.8 106.1 322.5625 328.21875 1023.96875 233.0625 '05/08/2021' '09:16:35' 
21.071118593215942 8.8 105.9 320.09375 322.4375 1023.96875 229.375 '05/08/2021' '09:16:38' 
23.761399030685425 8.8 105.7 320.96875 327.625 1023.96875 231.09375 '05/08/2021' '09:16:40' 
26.628350019454956 8.9 106.3 318.4375 328.25 1023.96875 228.625 '05/08/2021' '09:16:43' 
29.34869384765625 8.8 106.1 318.5625 320.375 1023.96875 235.03125 '05/08/2021' '09:16:46' 
32.144225120544434 8.5 102.9 318.59375 320.1875 1023.96875 226.1875 '05/08/2021' '09:16:49' 
34.86534094810486 8.5 104.7 317.96875 320.59375 1023.96875 236.03125 '05/08/2021' '09:16:51' 
37.62877416610718 8.4 101.7 316.09375 320.4375 1023.96875 232.84375 '05/08/2021' '09:16:54' 
40.388994216918945 8.5 101.5 316.3125 320.03125 1023.96875 236.125 '05/08/2021' '09:16:57' 
43.177430629730225 8.5 100.9 317.9375 327.0625 1023.96875 207.03125 '05/08/2021' '09:17:00' 
45.901854276657104 8.5 98.2 314.6875 319.3125 1023.96875 192.0625 '05/08/2021' '09:17:02' 
48.588632583618164 8.7 100.9 314.875 317.09375 1023.96875 185.6875 '05/08/2021' '09:17:05' 
51.34297704696655 8.7 102.0 313.0625 317.65625 1023.96875 181.0 '05/08/2021' '09:17:08' 
54.09274744987488 8.8 103.7 313.78125 317.625 1023.96875 188.375 '05/08/2021' '09:17:11' 
56.8175003528595 8.8 106.4 314.5 318.96875 1023.96875 194.9375 '05/08/2021' '09:17:13' 
59.526243686676025 8.9 106.7 313.53125 318.875 1023.96875 200.1875 '05/08/2021' '09:17:16' 
62.58695983886719 8.7 106.3 312.21875 318.15625 1023.96875 207.34375 '05/08/2021' '09:17:19' 
65.29865336418152 8.7 104.3 311.71875 320.46875 1023.96875 214.65625 '05/08/2021' '09:17:22' 
68.03860974311829 8.8 102.0 312.28125 323.09375 1023.96875 216.84375 '05/08/2021' '09:17:24' 
70.81525707244873 8.6 101.7 311.28125 317.375 1023.96875 223.125 '05/08/2021' '09:17:27' 
73.56801843643188 8.7 104.8 310.96875 316.40625 1023.96875 223.625 '05/08/2021' '09:17:30' 
76.4816062450409 8.7 102.5 311.09375 318.0625 1023.96875 228.875 '05/08/2021' '09:17:33' 
