'time_elapsed' 'pm25 [ug]/m3' 'pm10 [ug]/m3' 'NO2  [ug/m3] ' 'CO  [ug/m3] ' 'niente' 'niente' 'data' 'ora' 
5.4836273193359375e-06 0.6 2.5 104.86066513761467 -10.18389423076923 0.0 0.0 '05/08/2021' '14:30:40' 
4.078195810317993 0.7 2.5 32.204701834862384 -18.991586538461537 0.0 0.0 '05/08/2021' '14:30:44' 
6.956491231918335 0.7 2.4 38.26834862385321 -77.13611778846153 0.0 0.0 '05/08/2021' '14:30:47' 
9.716697454452515 0.6 2.3 123.99483944954126 -117.52764423076923 0.0 0.0 '05/08/2021' '14:30:50' 
12.427770137786865 0.7 2.3 112.64908256880734 -221.01802884615387 0.0 0.0 '05/08/2021' '14:30:53' 
15.159343957901001 0.7 2.2 96.72190366972477 -85.53094951923076 0.0 0.0 '05/08/2021' '14:30:55' 
17.900696754455566 0.7 2.2 -4.608371559633033 -515.5940504807693 0.0 0.0 '05/08/2021' '14:30:58' 
20.692357063293457 0.7 2.1 -32.77064220183487 -57.38762019230769 0.0 0.0 '05/08/2021' '14:31:01' 
23.35979986190796 0.7 2.1 226.59174311926603 -58.41977163461538 0.0 0.0 '05/08/2021' '14:31:03' 
26.059905529022217 0.7 2.1 88.36754587155963 -87.73287259615384 0.0 0.0 '05/08/2021' '14:31:06' 
28.77642512321472 0.8 2.2 95.72477064220183 -99.22415865384615 0.0 0.0 '05/08/2021' '14:31:09' 
31.54988980293274 0.8 2.2 -91.60149082568806 -97.77914663461539 0.0 0.0 '05/08/2021' '14:31:12' 
34.28743863105774 0.8 2.3 92.598623853211 -233.40384615384616 0.0 0.0 '05/08/2021' '14:31:14' 
37.060805797576904 0.8 2.2 201.3939220183486 -161.6349158653846 0.0 0.0 '05/08/2021' '14:31:17' 
39.858296394348145 0.8 2.2 -185.41284403669724 -731.7953725961539 0.0 0.0 '05/08/2021' '14:31:20' 
42.66154646873474 0.8 2.2 -88.7987385321101 -344.18810096153845 0.0 0.0 '05/08/2021' '14:31:23' 
45.35027480125427 0.8 3.2 368.588876146789 -726.5658052884615 0.0 0.0 '05/08/2021' '14:31:25' 
48.03081297874451 0.8 3.1 87.23566513761467 -150.0060096153846 0.0 0.0 '05/08/2021' '14:31:28' 
50.75278401374817 0.8 3.2 -40.37041284403669 -153.92818509615387 0.0 0.0 '05/08/2021' '14:31:31' 
53.44671559333801 0.8 2.2 111.94839449541283 -340.5411658653846 0.0 0.0 '05/08/2021' '14:31:34' 
56.161412954330444 0.8 2.2 22.50286697247706 -248.2668269230769 0.0 0.0 '05/08/2021' '14:31:36' 
58.89136743545532 0.8 2.2 -29.401949541284406 -953.3638822115385 0.0 0.0 '05/08/2021' '14:31:39' 
61.621291637420654 0.8 2.2 4.662270642201838 -180.0760216346154 0.0 0.0 '05/08/2021' '14:31:42' 
64.37341117858887 0.8 2.2 -2.021215596330275 -817.6703725961538 0.0 0.0 '05/08/2021' '14:31:44' 
67.09358024597168 0.9 2.3 133.0229357798165 -119.1102764423077 0.0 0.0 '05/08/2021' '14:31:47' 
69.84073805809021 0.8 2.3 318.4088302752294 -213.10486778846152 0.0 0.0 '05/08/2021' '14:31:50' 
72.6148009300232 0.9 2.3 156.79243119266053 -65.1631610576923 0.0 0.0 '05/08/2021' '14:31:53' 
75.3650803565979 0.9 2.3 -363.9535550458715 -185.23677884615387 0.0 0.0 '05/08/2021' '14:31:55' 
78.11528944969177 0.9 2.4 -203.60378440366972 -16.376802884615383 0.0 0.0 '05/08/2021' '14:31:58' 
80.90515923500061 0.9 2.4 -140.00286697247705 -439.62770432692304 0.0 0.0 '05/08/2021' '14:32:01' 
83.71615552902222 0.9 2.4 28.054472477064216 -118.62860576923076 0.0 0.0 '05/08/2021' '14:32:04' 
86.38661789894104 0.9 2.4 65.3526376146789 -358.7758413461538 0.0 0.0 '05/08/2021' '14:32:06' 
89.0916063785553 0.9 2.4 218.8302752293578 -486.0745192307692 0.0 0.0 '05/08/2021' '14:32:09' 
91.77282905578613 0.9 2.5 286.3119266055046 -666.9762620192307 0.0 0.0 '05/08/2021' '14:32:12' 
94.47972011566162 0.9 2.4 291.86353211009174 -1277.046574519231 0.0 0.0 '05/08/2021' '14:32:15' 
97.15159559249878 0.9 2.4 13.986811926605506 -1233.0081129807693 0.0 0.0 '05/08/2021' '14:32:17' 
99.88394093513489 0.9 2.4 -12.181192660550455 -1955.3765024038462 0.0 0.0 '05/08/2021' '14:32:20' 
102.62393927574158 1.0 2.4 -393.4363532110092 -1454.094951923077 0.0 0.0 '05/08/2021' '14:32:23' 
105.35468912124634 1.0 2.4 -387.2918577981651 -2060.449519230769 0.0 0.0 '05/08/2021' '14:32:25' 
108.07580757141113 0.9 2.3 -190.20986238532106 -1702.0865384615383 0.0 0.0 '05/08/2021' '14:32:28' 
110.78904342651367 0.9 2.3 135.2058486238532 -1968.450420673077 0.0 0.0 '05/08/2021' '14:32:31' 
113.52727365493774 0.9 2.2 -219.39621559633028 -1870.1896033653845 0.0 0.0 '05/08/2021' '14:32:34' 
116.25381970405579 0.9 2.1 -359.911123853211 -2130.9110576923076 0.0 0.0 '05/08/2021' '14:32:36' 
118.98877120018005 0.9 2.1 -176.54644495412845 -1956.6838942307693 0.0 0.0 '05/08/2021' '14:32:39' 
121.72508120536804 0.9 2.0 152.66915137614677 -2021.8470552884614 0.0 0.0 '05/08/2021' '14:32:42' 
124.46492838859558 1.0 3.1 -66.05332568807343 -2173.160456730769 0.0 0.0 '05/08/2021' '14:32:45' 
127.2035620212555 0.9 2.2 104.72591743119268 -1862.895733173077 0.0 0.0 '05/08/2021' '14:32:47' 
129.94008421897888 0.9 2.2 2329.248853211009 -2037.9486177884614 0.0 0.0 '05/08/2021' '14:32:50' 
132.68002438545227 1.0 2.2 -688.8033256880734 -1863.790264423077 0.0 0.0 '05/08/2021' '14:32:53' 
135.42245030403137 1.0 2.2 -562.4099770642202 -1644.2860576923076 0.0 0.0 '05/08/2021' '14:32:56' 
138.44819927215576 1.0 2.3 -461.94208715596324 -1698.301983173077 0.0 0.0 '05/08/2021' '14:32:59' 
141.21782112121582 1.0 2.2 -355.78784403669727 -1320.1216947115383 0.0 0.0 '05/08/2021' '14:33:01' 
144.03426241874695 1.0 3.1 -378.23681192660547 -1104.9525240384614 0.0 0.0 '05/08/2021' '14:33:04' 
146.80520224571228 1.1 4.5 -129.89678899082568 -1311.933293269231 0.0 0.0 '05/08/2021' '14:33:07' 
149.56772804260254 1.1 5.2 -100.38704128440367 -718.5150240384615 0.0 0.0 '05/08/2021' '14:33:10' 
152.39959979057312 1.1 7.0 -102.0309633027523 -656.9987980769231 0.0 0.0 '05/08/2021' '14:33:12' 
155.18502068519592 1.1 7.1 17.70584862385322 -546.4897836538461 0.0 0.0 '05/08/2021' '14:33:15' 
157.99903774261475 1.1 7.0 -137.22706422018348 -383.96033653846155 0.0 0.0 '05/08/2021' '14:33:18' 
160.80425238609314 1.1 7.0 -187.62270642201835 -534.03515625 0.0 0.0 '05/08/2021' '14:33:21' 
163.6285915374756 1.1 7.6 109.22649082568806 -451.05018028846155 0.0 0.0 '05/08/2021' '14:33:24' 
166.46272158622742 1.2 7.7 286.0693807339449 -205.67337740384616 0.0 0.0 '05/08/2021' '14:33:27' 
169.30222988128662 1.1 7.6 -285.9615825688073 -149.59314903846152 0.0 0.0 '05/08/2021' '14:33:29' 
172.13763976097107 1.1 7.6 -112.54128440366974 -134.38611778846152 0.0 0.0 '05/08/2021' '14:33:32' 
174.93265056610107 1.1 7.6 -241.68348623853208 -608.9005408653846 0.0 0.0 '05/08/2021' '14:33:35' 
177.75982475280762 1.2 7.7 -14.310206422018355 120.96814903846153 0.0 0.0 '05/08/2021' '14:33:38' 
180.5944321155548 1.1 7.7 65.11009174311927 77.75540865384615 0.0 0.0 '05/08/2021' '14:33:41' 
183.38697862625122 1.2 7.7 110.00802752293576 -457.6559495192308 0.0 0.0 '05/08/2021' '14:33:43' 
186.19970083236694 1.1 7.6 170.32110091743118 606.1481370192307 0.0 0.0 '05/08/2021' '14:33:46' 
189.0278663635254 1.1 7.6 -2.42545871559633 668.6965144230769 0.0 0.0 '05/08/2021' '14:33:49' 
191.85763382911682 1.1 7.6 15.280389908256879 734.0661057692307 0.0 0.0 '05/08/2021' '14:33:52' 
194.6980800628662 1.1 7.7 138.22419724770643 159.8458533653846 0.0 0.0 '05/08/2021' '14:33:55' 
197.5363097190857 1.1 8.5 64.19380733944952 1153.2572115384614 0.0 0.0 '05/08/2021' '14:33:58' 
200.3744616508484 1.1 8.7 -359.8572247706421 911.52734375 0.0 0.0 '05/08/2021' '14:34:00' 
203.21851015090942 1.1 8.8 -246.9116972477064 1214.9110576923078 0.0 0.0 '05/08/2021' '14:34:03' 
206.05597162246704 1.1 8.8 -20.077408256880734 1184.772235576923 0.0 0.0 '05/08/2021' '14:34:06' 
208.90808773040771 1.1 7.7 -268.6599770642202 866.9384014423076 0.0 0.0 '05/08/2021' '14:34:09' 
211.71686482429504 1.1 7.7 -126.17775229357798 1181.7445913461538 0.0 0.0 '05/08/2021' '14:34:12' 
214.44744610786438 1.1 7.7 -433.72591743119267 964.6487379807692 0.0 0.0 '05/08/2021' '14:34:15' 
217.1742000579834 1.0 7.7 -88.58314220183486 1153.6700721153845 0.0 0.0 '05/08/2021' '14:34:17' 
219.93980956077576 1.0 8.2 175.7110091743119 1134.1968149038462 0.0 0.0 '05/08/2021' '14:34:20' 
222.7226207256317 1.0 8.2 -165.2006880733945 1219.658954326923 0.0 0.0 '05/08/2021' '14:34:23' 
225.48775339126587 1.0 8.2 -456.2018348623853 1318.5390625 0.0 0.0 '05/08/2021' '14:34:26' 
228.24263906478882 1.0 7.4 -314.447247706422 1451.1361177884614 0.0 0.0 '05/08/2021' '14:34:28' 
230.99133157730103 1.0 6.0 -165.1467889908257 1420.928485576923 0.0 0.0 '05/08/2021' '14:34:31' 
233.74209189414978 1.0 5.2 -701.5774082568806 1563.296574519231 0.0 0.0 '05/08/2021' '14:34:34' 
236.50463724136353 0.9 3.4 -248.7981651376147 1441.7779447115383 0.0 0.0 '05/08/2021' '14:34:37' 
239.25619959831238 1.0 3.4 -56.620986238532105 1529.7860576923076 0.0 0.0 '05/08/2021' '14:34:39' 
242.0449149608612 1.0 4.5 -146.3629587155963 1554.282451923077 0.0 0.0 '05/08/2021' '14:34:42' 
245.0456988811493 1.0 4.5 -111.43635321100918 1643.25390625 0.0 0.0 '05/08/2021' '14:34:45' 
247.86444973945618 1.0 3.9 -28.836009174311922 904.4399038461538 0.0 0.0 '05/08/2021' '14:34:48' 
250.6664605140686 1.0 3.8 -156.5229357798165 1396.7073317307693 0.0 0.0 '05/08/2021' '14:34:51' 
253.45470786094666 1.0 3.8 -166.41341743119264 1479.073016826923 0.0 0.0 '05/08/2021' '14:34:54' 
256.2346787452698 1.0 4.0 -238.04529816513758 1251.3804086538462 0.0 0.0 '05/08/2021' '14:34:56' 
259.0408208370209 1.1 4.0 -264.9409403669724 1537.5615985576922 0.0 0.0 '05/08/2021' '14:34:59' 
261.7932994365692 1.0 3.9 -177.03153669724767 1527.6529447115383 0.0 0.0 '05/08/2021' '14:35:02' 
264.52849316596985 1.1 4.2 24.766628440366972 1517.2626201923076 0.0 0.0 '05/08/2021' '14:35:05' 
267.2691984176636 1.1 4.3 88.66399082568806 1057.2671274038462 0.0 0.0 '05/08/2021' '14:35:07' 
270.0480842590332 1.1 4.3 -279.7901376146789 1385.9729567307693 0.0 0.0 '05/08/2021' '14:35:10' 
272.8548402786255 1.1 4.3 9.32454128440366 838.9326923076923 0.0 0.0 '05/08/2021' '14:35:13' 
275.627117395401 1.1 4.3 -162.2631880733945 1383.5646033653845 0.0 0.0 '05/08/2021' '14:35:16' 
278.3678069114685 1.1 4.2 -281.6227064220183 558.6691706730769 0.0 0.0 '05/08/2021' '14:35:18' 
281.14892315864563 1.1 3.3 -280.8142201834862 1195.1625600961538 0.0 0.0 '05/08/2021' '14:35:21' 
283.9668753147125 1.1 3.1 -210.58371559633028 1166.46875 0.0 0.0 '05/08/2021' '14:35:24' 
286.7426118850708 1.1 3.2 -166.7368119266055 1025.8897235576922 0.0 0.0 '05/08/2021' '14:35:27' 
289.54976081848145 1.1 3.1 -87.90940366972475 1051.487079326923 0.0 0.0 '05/08/2021' '14:35:30' 
292.30371475219727 1.1 3.1 -55.677752293577974 270.42367788461536 0.0 0.0 '05/08/2021' '14:35:32' 
295.0705392360687 1.1 3.1 -46.19151376146789 1261.770733173077 0.0 0.0 '05/08/2021' '14:35:35' 
297.8362019062042 1.1 3.2 -235.56594036697243 770.3978365384615 0.0 0.0 '05/08/2021' '14:35:38' 
300.65548753738403 1.2 3.2 -116.26032110091742 1087.4059495192307 0.0 0.0 '05/08/2021' '14:35:41' 
303.4440047740936 1.2 2.7 -58.96559633027521 993.5489783653846 0.0 0.0 '05/08/2021' '14:35:44' 
306.254656791687 1.2 3.0 -78.74655963302752 1298.6529447115383 0.0 0.0 '05/08/2021' '14:35:46' 
309.02725195884705 1.2 3.1 106.5315366972477 1283.65234375 0.0 0.0 '05/08/2021' '14:35:49' 
311.8257200717926 1.2 3.4 30.23738532110093 939.4642427884615 0.0 0.0 '05/08/2021' '14:35:52' 
314.6079456806183 1.2 3.4 -115.88302752293578 1165.0237379807693 0.0 0.0 '05/08/2021' '14:35:55' 
317.4156312942505 1.2 3.4 54.86926605504587 1034.97265625 0.0 0.0 '05/08/2021' '14:35:58' 
320.22044587135315 1.2 3.4 109.01089449541283 1006.2100360576923 0.0 0.0 '05/08/2021' '14:36:00' 
323.04011583328247 1.2 3.4 258.0957568807339 944.625 0.0 0.0 '05/08/2021' '14:36:03' 
325.8010895252228 1.1 2.3 260.38646788990826 310.4711538461538 0.0 0.0 '05/08/2021' '14:36:06' 
328.570524930954 1.1 2.3 180.42717889908255 885.0354567307692 0.0 0.0 '05/08/2021' '14:36:09' 
331.33168625831604 1.1 3.0 -72.89850917431193 650.1177884615385 0.0 0.0 '05/08/2021' '14:36:11' 
334.0842308998108 1.1 3.0 -296.822247706422 771.7052283653846 0.0 0.0 '05/08/2021' '14:36:14' 
336.82782006263733 1.1 3.0 -241.5756880733945 720.8545673076923 0.0 0.0 '05/08/2021' '14:36:17' 
339.5681486129761 1.1 3.1 -260.1978211009174 660.3704927884615 0.0 0.0 '05/08/2021' '14:36:20' 
342.3352379798889 1.2 3.2 -12.693233944954127 611.6529447115385 0.0 0.0 '05/08/2021' '14:36:22' 
345.1142153739929 1.2 4.0 -191.0452981651376 389.80919471153845 0.0 0.0 '05/08/2021' '14:36:25' 
347.9217309951782 1.2 3.9 25.95240825688073 -400.75 0.0 0.0 '05/08/2021' '14:36:28' 
350.673052072525 1.2 3.8 245.10607798165134 376.4600360576923 0.0 0.0 '05/08/2021' '14:36:31' 
353.4380855560303 1.2 3.9 166.06307339449543 -12.110576923076923 0.0 0.0 '05/08/2021' '14:36:34' 
356.2255027294159 1.2 4.0 1.7517201834862384 84.56760817307693 0.0 0.0 '05/08/2021' '14:36:36' 
358.99433398246765 1.2 3.9 -213.1978211009174 -300.76893028846155 0.0 0.0 '05/08/2021' '14:36:39' 
361.74822306632996 1.3 4.7 -289.14162844036696 -55.73617788461538 0.0 0.0 '05/08/2021' '14:36:42' 
364.51149010658264 1.3 4.7 -249.82224770642202 -262.78575721153845 0.0 0.0 '05/08/2021' '14:36:45' 
367.2515757083893 1.3 4.8 -190.72190366972478 -183.92938701923077 0.0 0.0 '05/08/2021' '14:36:47' 
370.02958583831787 1.2 4.7 -120.84174311926604 -258.72596153846155 0.0 0.0 '05/08/2021' '14:36:50' 
372.83700823783875 1.4 4.8 6.413990825688068 -365.7256610576923 0.0 0.0 '05/08/2021' '14:36:53' 
375.60014295578003 1.4 4.8 -102.8125 -860.8831129807692 0.0 0.0 '05/08/2021' '14:36:56' 
378.34814977645874 1.5 4.9 -50.20699541284405 -1152.9819711538462 0.0 0.0 '05/08/2021' '14:36:58' 
381.1019687652588 1.5 4.8 -194.68348623853208 -597.2028245192307 0.0 0.0 '05/08/2021' '14:37:01' 
383.849858045578 1.5 6.0 44.76318807339449 -1231.356670673077 0.0 0.0 '05/08/2021' '14:37:04' 
386.6001410484314 1.4 5.9 -194.17144495412842 -1057.4047475961538 0.0 0.0 '05/08/2021' '14:37:07' 
389.34996151924133 1.4 5.7 44.22419724770642 -1735.1841947115383 0.0 0.0 '05/08/2021' '14:37:09' 
392.0993719100952 1.4 5.6 -136.7689220183486 -927.9041466346155 0.0 0.0 '05/08/2021' '14:37:12' 
394.87649631500244 1.3 5.1 -51.662270642201825 -1730.91796875 0.0 0.0 '05/08/2021' '14:37:15' 
397.69466829299927 1.3 5.1 137.73910550458714 -954.9465144230769 0.0 0.0 '05/08/2021' '14:37:18' 
400.5016419887543 1.3 5.1 46.164564220183486 -1005.3843149038461 0.0 0.0 '05/08/2021' '14:37:21' 
403.26705265045166 1.3 5.1 343.09461009174305 -1530.130108173077 0.0 0.0 '05/08/2021' '14:37:23' 
406.03066539764404 1.3 5.1 -83.46272935779817 -967.5387620192307 0.0 0.0 '05/08/2021' '14:37:26' 
408.785471200943 1.3 5.4 -129.43864678899084 -1089.6078725961538 0.0 0.0 '05/08/2021' '14:37:29' 
411.53658866882324 1.3 5.4 -117.82339449541283 -932.99609375 0.0 0.0 '05/08/2021' '14:37:32' 
414.3342869281769 1.3 4.7 -46.94610091743119 -1307.5982572115383 0.0 0.0 '05/08/2021' '14:37:34' 
417.12354707717896 1.3 4.7 -15.981077981651376 -935.8173076923076 0.0 0.0 '05/08/2021' '14:37:37' 
419.9283411502838 1.3 4.7 -205.1129587155963 -907.6051682692307 0.0 0.0 '05/08/2021' '14:37:40' 
422.73082995414734 1.3 4.3 101.14162844036697 -997.4711538461538 0.0 0.0 '05/08/2021' '14:37:43' 
425.52761673927307 1.2 4.2 19.75401376146789 -1004.2833533653846 0.0 0.0 '05/08/2021' '14:37:46' 
428.31596326828003 1.2 4.8 -30.749426605504624 -1849.0649038461538 0.0 0.0 '05/08/2021' '14:37:48' 
431.09174489974976 1.3 4.6 -232.62844036697248 -1127.7286658653845 0.0 0.0 '05/08/2021' '14:37:51' 
433.88682222366333 1.4 4.7 -279.1163990825688 -2005.951923076923 0.0 0.0 '05/08/2021' '14:37:54' 
436.66067814826965 1.4 5.3 -247.82798165137615 -1422.2358774038462 0.0 0.0 '05/08/2021' '14:37:57' 
439.4131531715393 1.5 5.3 -148.06077981651376 -1332.7827524038462 0.0 0.0 '05/08/2021' '14:37:59' 
442.17409348487854 1.5 5.3 -158.78669724770643 -1287.0240384615383 0.0 0.0 '05/08/2021' '14:38:02' 
444.960533618927 1.6 4.7 -173.71674311926603 -1323.1493389423078 0.0 0.0 '05/08/2021' '14:38:05' 
447.78455209732056 1.7 4.8 -52.84805045871558 -1205.2776442307693 0.0 0.0 '05/08/2021' '14:38:08' 
450.5535969734192 1.8 4.6 75.18922018348623 -1257.298076923077 0.0 0.0 '05/08/2021' '14:38:11' 
453.3136718273163 1.8 4.7 387.23795871559633 -1348.8843149038462 0.0 0.0 '05/08/2021' '14:38:13' 
456.08527064323425 1.7 4.6 111.97534403669725 -1206.1721754807693 0.0 0.0 '05/08/2021' '14:38:16' 
458.87579226493835 1.6 4.6 -91.97878440366972 -1249.1096754807693 0.0 0.0 '05/08/2021' '14:38:19' 
461.64731431007385 1.8 5.2 -155.47190366972475 -1458.9116586538462 0.0 0.0 '05/08/2021' '14:38:22' 
464.4389946460724 1.8 5.3 -27.353784403669724 -1491.3212139423076 0.0 0.0 '05/08/2021' '14:38:25' 
467.1952395439148 1.8 4.0 -70.20355504587155 -1132.063701923077 0.0 0.0 '05/08/2021' '14:38:27' 
469.97971653938293 1.8 4.0 -186.89506880733944 -1308.8368389423078 0.0 0.0 '05/08/2021' '14:38:30' 
472.75089406967163 1.8 4.0 -151.51032110091742 -996.9894831730769 0.0 0.0 '05/08/2021' '14:38:33' 
475.5259356498718 1.8 4.0 -442.9157110091743 -910.3575721153846 0.0 0.0 '05/08/2021' '14:38:36' 
478.29387855529785 1.8 4.2 -122.67431192660548 -754.3650841346155 0.0 0.0 '05/08/2021' '14:38:38' 
481.06242179870605 1.9 4.2 180.75057339449543 -786.7058293269231 0.0 0.0 '05/08/2021' '14:38:41' 
483.824116230011 1.9 4.2 -142.4552752293578 -970.9104567307692 0.0 0.0 '05/08/2021' '14:38:44' 
486.64557433128357 1.9 4.4 -750.3830275229358 -338.06400240384613 0.0 0.0 '05/08/2021' '14:38:47' 
489.4466314315796 1.9 4.4 -207.75401376146786 -268.8410456730769 0.0 0.0 '05/08/2021' '14:38:50' 
492.2254741191864 1.9 4.0 -69.90711009174308 -257.83143028846155 0.0 0.0 '05/08/2021' '14:38:52' 
495.00110840797424 1.9 4.0 -105.18405963302753 24.083533653846153 0.0 0.0 '05/08/2021' '14:38:55' 
497.78649258613586 1.9 4.1 -603.4002293577981 174.77764423076923 0.0 0.0 '05/08/2021' '14:38:58' 
500.5561385154724 1.9 4.1 -416.23566513761466 210.55889423076923 0.0 0.0 '05/08/2021' '14:39:01' 
503.3351399898529 1.9 4.1 -246.45355504587152 -11.560096153846153 0.0 0.0 '05/08/2021' '14:39:03' 
506.0927641391754 2.0 4.1 -245.88761467889907 279.02493990384613 0.0 0.0 '05/08/2021' '14:39:06' 
508.8488097190857 2.0 4.2 -276.2327981651376 318.38431490384613 0.0 0.0 '05/08/2021' '14:39:09' 
511.6160547733307 1.9 2.9 -319.9988532110092 245.3768028846154 0.0 0.0 '05/08/2021' '14:39:12' 
514.404294013977 1.8 2.9 -195.16857798165137 391.2542067307692 0.0 0.0 '05/08/2021' '14:39:14' 
517.204559803009 1.8 2.8 77.15653669724769 391.4606370192308 0.0 0.0 '05/08/2021' '14:39:17' 
520.0135242938995 1.7 2.0 -23.068807339449545 324.30198317307696 0.0 0.0 '05/08/2021' '14:39:20' 
522.8355309963226 1.7 2.0 -430.95011467889907 147.1847956730769 0.0 0.0 '05/08/2021' '14:39:23' 
525.6334049701691 1.6 2.0 35.60034403669722 -10.871995192307692 0.0 0.0 '05/08/2021' '14:39:26' 
528.4312882423401 1.5 2.1 -165.95527522935777 350.17457932692304 0.0 0.0 '05/08/2021' '14:39:29' 
531.2702775001526 1.4 2.0 -20.72419724770642 191.2920673076923 0.0 0.0 '05/08/2021' '14:39:31' 
534.0464179515839 1.3 2.0 -149.1387614678899 524.1265024038461 0.0 0.0 '05/08/2021' '14:39:34' 
536.804657459259 1.3 2.8 -80.25573394495412 420.9113581730769 0.0 0.0 '05/08/2021' '14:39:37' 
539.5534081459045 1.3 2.8 -265.5338302752293 692.2983774038461 0.0 0.0 '05/08/2021' '14:39:40' 
542.3075881004333 1.2 2.8 -103.6748853211009 680.9447115384615 0.0 0.0 '05/08/2021' '14:39:42' 
545.1189391613007 1.1 2.1 -333.82396788990826 409.5576923076923 0.0 0.0 '05/08/2021' '14:39:45' 
547.9669606685638 1.0 2.4 -417.63704128440367 454.0090144230769 0.0 0.0 '05/08/2021' '14:39:48' 
550.7695863246918 1.0 2.3 -199.07626146788994 -269.25390625 0.0 0.0 '05/08/2021' '14:39:51' 
553.5457451343536 1.0 2.3 -178.10951834862388 310.1271033653846 0.0 0.0 '05/08/2021' '14:39:54' 
556.4058675765991 1.0 2.3 -287.55160550458714 -487.5883413461538 0.0 0.0 '05/08/2021' '14:39:56' 
559.2044265270233 1.1 2.4 4.823967889908281 41.492487980769226 0.0 0.0 '05/08/2021' '14:39:59' 
561.9471833705902 1.0 2.2 -246.7230504587156 -104.7977764423077 0.0 0.0 '05/08/2021' '14:40:02' 
564.745260477066 1.0 2.2 -222.03727064220178 -140.99188701923077 0.0 0.0 '05/08/2021' '14:40:05' 
567.5507159233093 1.0 2.2 125.77350917431191 -229.82572115384616 0.0 0.0 '05/08/2021' '14:40:08' 
570.3777356147766 1.0 2.1 184.87385321100916 -683.9723557692307 0.0 0.0 '05/08/2021' '14:40:10' 
573.1970615386963 1.0 2.0 0.5928899082568929 -236.36268028846152 0.0 0.0 '05/08/2021' '14:40:13' 
575.9963746070862 1.0 2.0 -161.31995412844034 -320.7926682692308 0.0 0.0 '05/08/2021' '14:40:16' 
578.7789454460144 1.0 2.0 -344.36123853211006 -68.53485576923076 0.0 0.0 '05/08/2021' '14:40:19' 
581.6003818511963 1.0 2.0 -183.98451834862385 -31.927884615384613 0.0 0.0 '05/08/2021' '14:40:22' 
584.3987572193146 1.0 2.0 -94.9162844036697 -734.9606370192307 0.0 0.0 '05/08/2021' '14:40:24' 
587.2229306697845 1.0 2.0 155.36410550458714 275.92848557692304 0.0 0.0 '05/08/2021' '14:40:27' 
590.0580315589905 1.0 2.0 -313.8813073394495 499.97415865384613 0.0 0.0 '05/08/2021' '14:40:30' 
592.8318290710449 0.9 1.9 -429.36009174311926 -394.3506610576923 0.0 0.0 '05/08/2021' '14:40:33' 
595.6855499744415 0.9 1.9 -35.95068807339449 610.1391225961539 0.0 0.0 '05/08/2021' '14:40:36' 
598.5336480140686 0.9 1.9 -665.9770642201835 605.2536057692307 0.0 0.0 '05/08/2021' '14:40:39' 
601.5531640052795 0.9 2.1 -688.4260321100917 802.8762019230769 0.0 0.0 '05/08/2021' '14:40:42' 
604.2905900478363 0.9 2.1 -196.67775229357795 1022.9996995192307 0.0 0.0 '05/08/2021' '14:40:44' 
607.040830373764 0.9 2.3 -30.58772935779816 983.08984375 0.0 0.0 '05/08/2021' '14:40:47' 
609.8007819652557 0.9 2.3 -451.27006880733944 962.515625 0.0 0.0 '05/08/2021' '14:40:50' 
612.5549721717834 0.9 2.1 -540.634747706422 1037.5874399038462 0.0 0.0 '05/08/2021' '14:40:53' 
615.3647639751434 0.9 2.1 -481.72305045871553 1078.323016826923 0.0 0.0 '05/08/2021' '14:40:55' 
618.1260712146759 0.9 2.1 -139.05963302752292 995.4068509615385 0.0 0.0 '05/08/2021' '14:40:58' 
620.9162917137146 0.9 1.3 -413.2981651376146 620.5982572115385 0.0 0.0 '05/08/2021' '14:41:01' 
623.72713804245 0.9 1.3 -295.7442660550458 1175.826923076923 0.0 0.0 '05/08/2021' '14:41:04' 
626.4913771152496 0.9 1.4 315.7947247706421 1087.268329326923 0.0 0.0 '05/08/2021' '14:41:07' 
629.2620522975922 0.9 1.3 114.53555045871559 1123.3936298076922 0.0 0.0 '05/08/2021' '14:41:09' 
632.6823809146881 0.9 1.0 -669.6422018348625 1085.2728365384614 0.0 0.0 '05/08/2021' '14:41:13' 
635.4475381374359 0.9 1.0 -432.59403669724765 1153.8765024038462 0.0 0.0 '05/08/2021' '14:41:16' 
638.1992511749268 0.9 1.0 -211.6886467889908 1251.7932692307693 0.0 0.0 '05/08/2021' '14:41:18' 
640.9671125411987 0.9 1.0 -289.0607798165137 1290.2581129807693 0.0 0.0 '05/08/2021' '14:41:21' 
643.7597563266754 0.8 1.0 -173.55504587155963 1113.0033052884614 0.0 0.0 '05/08/2021' '14:41:24' 
646.5729265213013 0.8 1.8 -138.49369266055047 1432.8326322115383 0.0 0.0 '05/08/2021' '14:41:27' 
649.4019420146942 0.8 1.8 -138.65538990825686 893.9807692307692 0.0 0.0 '05/08/2021' '14:41:29' 
652.1618597507477 0.8 1.8 -219.26146788990826 1321.3602764423078 0.0 0.0 '05/08/2021' '14:41:32' 
654.9262685775757 0.8 1.8 -260.38646788990826 1427.8783052884614 0.0 0.0 '05/08/2021' '14:41:35' 
657.7283806800842 0.8 2.3 -281.1645642201834 962.1715745192307 0.0 0.0 '05/08/2021' '14:41:38' 
660.5104207992554 0.8 2.3 -253.35263761467888 1278.6292067307693 0.0 0.0 '05/08/2021' '14:41:41' 
663.3099925518036 0.8 2.3 -258.8503440366972 515.5252403846154 0.0 0.0 '05/08/2021' '14:41:43' 
666.0790605545044 0.9 2.5 -177.9478211009174 907.8804086538461 0.0 0.0 '05/08/2021' '14:41:46' 
668.8514502048492 0.9 2.5 -182.47534403669724 -314.18689903846155 0.0 0.0 '05/08/2021' '14:41:49' 
671.6598362922668 0.8 2.4 -314.581995412844 546.9714543269231 0.0 0.0 '05/08/2021' '14:41:52' 
674.4847416877747 0.8 2.4 -305.2574541284404 201.06310096153845 0.0 0.0 '05/08/2021' '14:41:55' 
677.2711842060089 0.9 2.8 -90.76605504587157 103.6280048076923 0.0 0.0 '05/08/2021' '14:41:57' 
680.0562107563019 0.9 2.8 -264.86009174311926 553.9900841346154 0.0 0.0 '05/08/2021' '14:42:00' 
682.8035416603088 0.9 2.9 33.06708715596328 473.89513221153845 0.0 0.0 '05/08/2021' '14:42:03' 
685.5837466716766 0.8 3.5 91.8979357798165 445.1325120192308 0.0 0.0 '05/08/2021' '14:42:06' 
688.3600149154663 0.8 3.5 -1055.290137614679 872.0303485576923 0.0 0.0 '05/08/2021' '14:42:08' 
691.122339963913 0.8 3.2 -768.304472477064 281.15805288461536 0.0 0.0 '05/08/2021' '14:42:11' 
693.9107789993286 0.8 3.2 118.09288990825688 779.0679086538461 0.0 0.0 '05/08/2021' '14:42:14' 
696.7317781448364 0.8 3.2 -446.33830275229354 590.5282451923076 0.0 0.0 '05/08/2021' '14:42:17' 
699.5677514076233 0.8 3.2 -464.0441513761467 1230.393329326923 0.0 0.0 '05/08/2021' '14:42:20' 
702.3957676887512 0.8 3.2 -286.877866972477 961.2770432692307 0.0 0.0 '05/08/2021' '14:42:22' 
705.2061696052551 0.8 3.3 -242.76146788990826 1583.5955528846152 0.0 0.0 '05/08/2021' '14:42:25' 
707.9771065711975 0.8 3.3 37.13646788990824 1595.84375 0.0 0.0 '05/08/2021' '14:42:28' 
710.7285933494568 0.8 3.2 -183.68807339449538 1205.2088341346152 0.0 0.0 '05/08/2021' '14:42:31' 
713.4866945743561 0.8 3.3 -330.37442660550454 1460.5631009615383 0.0 0.0 '05/08/2021' '14:42:34' 
716.28568816185 0.8 3.3 -456.6330275229357 1070.4786658653845 0.0 0.0 '05/08/2021' '14:42:36' 
719.0637459754944 0.8 3.3 -374.9220183486238 822.4870793269231 0.0 0.0 '05/08/2021' '14:42:39' 
721.8539729118347 0.8 3.4 -743.1605504587155 767.9894831730769 0.0 0.0 '05/08/2021' '14:42:42' 
724.6649131774902 0.8 3.3 -205.32855504587155 1103.7827524038462 0.0 0.0 '05/08/2021' '14:42:45' 
727.4219179153442 0.8 3.3 -285.09919724770634 1265.8993389423078 0.0 0.0 '05/08/2021' '14:42:48' 
730.179783821106 0.8 3.5 -385.24369266055044 1187.8686899038462 0.0 0.0 '05/08/2021' '14:42:50' 
732.9408209323883 0.8 3.5 -107.1783256880734 941.3221153846155 0.0 0.0 '05/08/2021' '14:42:53' 
735.7038984298706 0.8 3.5 -206.3526376146789 1141.7659254807693 0.0 0.0 '05/08/2021' '14:42:56' 
738.4585089683533 0.8 3.6 -380.6892201834862 1083.4149639423076 0.0 0.0 '05/08/2021' '14:42:59' 
741.2771236896515 0.8 3.3 -306.5779816513761 1194.5432692307693 0.0 0.0 '05/08/2021' '14:43:01' 
744.0440948009491 0.8 3.4 -351.7723623853211 976.7593149038461 0.0 0.0 '05/08/2021' '14:43:04' 
746.8538196086884 0.7 3.4 -361.39334862385317 557.3617788461538 0.0 0.0 '05/08/2021' '14:43:07' 
749.7161386013031 0.8 4.1 -492.7184633027522 1233.6274038461538 0.0 0.0 '05/08/2021' '14:43:10' 
752.5408854484558 0.8 4.2 436.825114678899 1006.6917067307692 0.0 0.0 '05/08/2021' '14:43:13' 
755.3228061199188 0.8 4.2 101.06077981651376 572.7064302884615 0.0 0.0 '05/08/2021' '14:43:15' 
758.1574816703796 0.8 4.2 297.3881880733945 1237.4807692307693 0.0 0.0 '05/08/2021' '14:43:18' 
760.9138841629028 0.8 3.8 -603.8583715596329 1341.8656850961538 0.0 0.0 '05/08/2021' '14:43:21' 
763.7393937110901 0.8 3.7 -323.1788990825688 611.4465144230769 0.0 0.0 '05/08/2021' '14:43:24' 
766.5108149051666 0.7 3.7 -129.76204128440367 1631.280949519231 0.0 0.0 '05/08/2021' '14:43:27' 
769.2900655269623 0.8 3.0 -243.24655963302752 828.8864182692307 0.0 0.0 '05/08/2021' '14:43:29' 
772.1102409362793 0.8 3.0 -269.0911697247706 1245.3939302884614 0.0 0.0 '05/08/2021' '14:43:32' 
774.8985521793365 0.8 3.0 168.00344036697248 631.1262019230769 0.0 0.0 '05/08/2021' '14:43:35' 
777.702127456665 0.8 3.0 79.55504587155961 1035.8671875 0.0 0.0 '05/08/2021' '14:43:38' 
780.4776427745819 0.8 3.0 -403.19208715596324 1185.3227163461538 0.0 0.0 '05/08/2021' '14:43:41' 
783.2756748199463 0.8 3.2 -123.53669724770641 60.55288461538461 0.0 0.0 '05/08/2021' '14:43:43' 
786.0485217571259 0.8 3.2 -50.12614678899082 928.3858173076923 0.0 0.0 '05/08/2021' '14:43:46' 
788.8234694004059 0.7 3.0 -230.14908256880733 244.00060096153845 0.0 0.0 '05/08/2021' '14:43:49' 
791.6258628368378 0.7 3.0 -205.46330275229357 507.47445913461536 0.0 0.0 '05/08/2021' '14:43:52' 
794.4232594966888 0.7 3.0 -113.64621559633026 368.75330528846155 0.0 0.0 '05/08/2021' '14:43:55' 
797.2510948181152 0.7 2.9 -62.49598623853214 -240.2160456730769 0.0 0.0 '05/08/2021' '14:43:57' 
800.0883429050446 0.7 2.9 -5.443807339449553 -122.61959134615384 0.0 0.0 '05/08/2021' '14:44:00' 
802.8618803024292 0.7 2.9 -508.99598623853205 -594.2439903846155 0.0 0.0 '05/08/2021' '14:44:03' 
805.6639492511749 0.7 2.8 -328.1645642201834 -127.09224759615384 0.0 0.0 '05/08/2021' '14:44:06' 
808.447432756424 0.7 2.8 -52.57855504587156 -415.26893028846155 0.0 0.0 '05/08/2021' '14:44:09' 
811.251734495163 0.7 2.8 87.80160550458714 -295.5393629807692 0.0 0.0 '05/08/2021' '14:44:11' 
814.0249440670013 0.7 1.9 -157.14277522935777 -492.88671875 0.0 0.0 '05/08/2021' '14:44:14' 
816.7824478149414 0.7 1.8 -175.49541284403665 -956.6667668269231 0.0 0.0 '05/08/2021' '14:44:17' 
819.6145868301392 0.7 1.8 -83.62442660550458 -571.2614182692307 0.0 0.0 '05/08/2021' '14:44:20' 
822.4169926643372 0.7 1.8 77.34518348623853 -887.1685697115385 0.0 0.0 '05/08/2021' '14:44:22' 
825.2318978309631 0.6 1.8 43.03841743119267 -720.9921875 0.0 0.0 '05/08/2021' '14:44:25' 
828.0318932533264 0.6 1.7 -92.27522935779815 -626.4471153846155 0.0 0.0 '05/08/2021' '14:44:28' 
830.7979772090912 0.6 1.7 235.64678899082566 -1001.0492788461538 0.0 0.0 '05/08/2021' '14:44:31' 
833.549103975296 0.6 0.8 18.137041284403658 -544.1502403846154 0.0 0.0 '05/08/2021' '14:44:34' 
836.3451752662659 0.6 0.7 -296.552752293578 -1249.7977764423078 0.0 0.0 '05/08/2021' '14:44:36' 
839.1211824417114 0.6 3.1 -514.5475917431193 -563.5546875 0.0 0.0 '05/08/2021' '14:44:39' 
841.8906872272491 0.6 3.1 -146.8211009174312 -559.2884615384615 0.0 0.0 '05/08/2021' '14:44:42' 
844.6675317287445 0.6 3.1 -573.1358944954128 -753.8834134615385 0.0 0.0 '05/08/2021' '14:44:45' 
847.4804313182831 0.6 3.1 -87.99025229357797 -252.67067307692307 0.0 0.0 '05/08/2021' '14:44:48' 
850.256031036377 0.6 3.1 108.71444954128442 -1190.7587139423078 0.0 0.0 '05/08/2021' '14:44:50' 
853.0476112365723 0.6 3.1 -110.03497706422017 119.79837740384615 0.0 0.0 '05/08/2021' '14:44:53' 
855.8330173492432 0.6 3.1 -241.71043577981646 -344.66977163461536 0.0 0.0 '05/08/2021' '14:44:56' 
858.6605513095856 0.5 3.1 -125.04587155963301 267.1207932692308 0.0 0.0 '05/08/2021' '14:44:59' 
861.4340305328369 0.5 3.1 -196.83944954128438 605.6664663461539 0.0 0.0 '05/08/2021' '14:45:02' 
864.2401568889618 0.5 3.1 45.00573394495412 -23.05138221153846 0.0 0.0 '05/08/2021' '14:45:04' 
867.024471282959 0.5 3.0 -466.2001146788991 589.2896634615385 0.0 0.0 '05/08/2021' '14:45:07' 
869.8715834617615 0.5 3.0 -305.2305045871559 223.2199519230769 0.0 0.0 '05/08/2021' '14:45:10' 
872.7159297466278 0.5 3.0 -59.154243119266056 506.44230769230774 0.0 0.0 '05/08/2021' '14:45:13' 
875.5660684108734 0.5 3.0 -25.17087155963302 219.4353966346154 0.0 0.0 '05/08/2021' '14:45:16' 
878.3836362361908 0.6 3.0 -32.85149082568806 321.41195913461536 0.0 0.0 '05/08/2021' '14:45:18' 
881.1763010025024 0.6 3.3 -38.456995412844044 471.0739182692308 0.0 0.0 '05/08/2021' '14:45:21' 
883.9874179363251 0.6 3.3 -21.45183486238532 581.3076923076923 0.0 0.0 '05/08/2021' '14:45:24' 
886.7706971168518 0.6 3.4 398.5567660550458 -219.09134615384616 0.0 0.0 '05/08/2021' '14:45:27' 
889.5996203422546 0.6 3.4 536.5114678899082 376.2536057692308 0.0 0.0 '05/08/2021' '14:45:30' 
892.4234249591827 0.7 3.5 -121.24598623853213 370.47355769230774 0.0 0.0 '05/08/2021' '14:45:33' 
895.2697632312775 0.7 3.5 -184.38876146788994 16.720853365384613 0.0 0.0 '05/08/2021' '14:45:35' 
898.0640814304352 0.6 3.5 -245.77981651376146 223.42638221153845 0.0 0.0 '05/08/2021' '14:45:38' 
900.8780190944672 0.6 3.4 -138.79013761467888 69.36057692307692 0.0 0.0 '05/08/2021' '14:45:41' 
903.6540470123291 0.7 3.5 -78.31536697247707 -76.10396634615384 0.0 0.0 '05/08/2021' '14:45:44' 
906.4588017463684 0.6 3.4 -3.2878440366972597 -213.03605769230768 0.0 0.0 '05/08/2021' '14:45:47' 
909.2399108409882 0.6 3.2 -246.10321100917432 -1263.559795673077 0.0 0.0 '05/08/2021' '14:45:49' 
912.0427312850952 0.6 3.2 -67.80504587155964 -351.75721153846155 0.0 0.0 '05/08/2021' '14:45:52' 
914.8187074661255 0.6 3.2 -571.1416284403668 -781.7515024038461 0.0 0.0 '05/08/2021' '14:45:55' 
917.6200613975525 0.6 3.2 -223.78899082568805 -647.9846754807692 0.0 0.0 '05/08/2021' '14:45:58' 
920.4294996261597 0.7 3.3 -263.7551605504587 -623.0066105769231 0.0 0.0 '05/08/2021' '14:46:01' 
923.2652332782745 0.7 1.2 64.35550458715595 -1166.1935096153845 0.0 0.0 '05/08/2021' '14:46:03' 
926.3382115364075 0.7 1.4 -66.83486238532109 -1349.2971754807693 0.0 0.0 '05/08/2021' '14:46:06' 
929.1405336856842 0.7 1.4 121.43463302752292 -526.6724759615385 0.0 0.0 '05/08/2021' '14:46:09' 
931.9252541065216 0.7 1.4 -25.89850917431193 -454.83473557692304 0.0 0.0 '05/08/2021' '14:46:12' 
934.7547013759613 0.7 1.4 284.5063073394495 -355.1977163461538 0.0 0.0 '05/08/2021' '14:46:15' 
937.5475425720215 0.7 1.3 -76.75229357798163 -260.7902644230769 0.0 0.0 '05/08/2021' '14:46:18' 
940.3541316986084 0.7 1.4 -34.38761467889912 -494.5381610576923 0.0 0.0 '05/08/2021' '14:46:20' 
943.1337332725525 0.7 1.4 -271.2471330275229 142.16165865384616 0.0 0.0 '05/08/2021' '14:46:23' 
945.9672839641571 0.7 1.4 -91.8709862385321 127.7803485576923 0.0 0.0 '05/08/2021' '14:46:26' 
948.7950847148895 0.7 1.4 79.95928899082567 -291.9612379807692 0.0 0.0 '05/08/2021' '14:46:29' 
951.585177898407 0.7 1.4 -131.86410550458712 -22.01923076923077 0.0 0.0 '05/08/2021' '14:46:32' 
954.3822727203369 0.7 1.4 -135.7987385321101 342.39903846153845 0.0 0.0 '05/08/2021' '14:46:34' 
957.1868844032288 0.7 1.4 -157.97821100917432 91.93028846153845 0.0 0.0 '05/08/2021' '14:46:37' 
960.2116501331329 0.7 1.4 -134.50516055045873 -314.39332932692304 0.0 0.0 '05/08/2021' '14:46:40' 
963.0454189777374 0.7 1.4 -71.9552752293578 188.3332331730769 0.0 0.0 '05/08/2021' '14:46:43' 
965.852751493454 0.7 1.2 -207.59231651376143 -610.0015024038461 0.0 0.0 '05/08/2021' '14:46:46' 
968.6919493675232 0.7 1.2 -34.52236238532111 355.40414663461536 0.0 0.0 '05/08/2021' '14:46:49' 
971.5793302059174 0.7 1.1 99.12041284403668 161.7725360576923 0.0 0.0 '05/08/2021' '14:46:52' 
974.4350349903107 0.7 1.1 -347.89162844036696 117.11478365384615 0.0 0.0 '05/08/2021' '14:46:55' 
977.2251083850861 0.7 1.0 -183.0682339449541 78.99399038461539 0.0 0.0 '05/08/2021' '14:46:57' 
980.0758349895477 0.7 1.1 -89.14908256880734 400.06189903846155 0.0 0.0 '05/08/2021' '14:47:00' 
982.9071702957153 0.7 1.1 -239.25802752293575 364.28064903846155 0.0 0.0 '05/08/2021' '14:47:03' 
985.7120809555054 0.7 1.2 -144.9076834862385 449.74278846153845 0.0 0.0 '05/08/2021' '14:47:06' 
988.5056607723236 0.7 1.2 2.102064220183474 368.95973557692304 0.0 0.0 '05/08/2021' '14:47:09' 
991.2916791439056 0.7 1.2 -699.2327981651375 257.7626201923077 0.0 0.0 '05/08/2021' '14:47:11' 
994.1263494491577 0.8 1.2 259.1198394495413 150.62530048076923 0.0 0.0 '05/08/2021' '14:47:14' 
996.9485774040222 0.8 1.2 264.1863532110092 498.8731971153846 0.0 0.0 '05/08/2021' '14:47:17' 
999.7711725234985 0.8 1.2 289.4919724770642 -307.71875 0.0 0.0 '05/08/2021' '14:47:20' 
1002.5850720405579 0.8 1.2 122.35091743119264 663.8798076923076 0.0 0.0 '05/08/2021' '14:47:23' 
1005.355774641037 0.8 1.2 -148.5997706422018 156.54296875 0.0 0.0 '05/08/2021' '14:47:25' 
1008.3235533237457 0.8 0.9 -16.843463302752294 -171.54356971153848 0.0 0.0 '05/08/2021' '14:47:28' 
1011.1345796585083 0.8 1.0 -331.07511467889907 385.4053485576923 0.0 0.0 '05/08/2021' '14:47:31' 
1013.9037029743195 0.8 1.1 -343.2563073394495 165.83233173076923 0.0 0.0 '05/08/2021' '14:47:34' 
1016.7113325595856 0.8 1.1 46.43405963302751 497.4281850961538 0.0 0.0 '05/08/2021' '14:47:37' 
1019.5242154598236 0.8 1.1 -210.098623853211 255.8359375 0.0 0.0 '05/08/2021' '14:47:40' 
1022.3456556797028 0.8 1.0 -72.11697247706422 -571.5366586538461 0.0 0.0 '05/08/2021' '14:47:42' 
1025.1808106899261 0.8 1.0 -225.27121559633025 168.24068509615387 0.0 0.0 '05/08/2021' '14:47:45' 
1027.9487435817719 0.8 1.0 -158.75974770642196 -22.01923076923077 0.0 0.0 '05/08/2021' '14:47:48' 
1030.774150133133 0.8 1.0 -80.7947247706422 -699.5922475961539 0.0 0.0 '05/08/2021' '14:47:51' 
1033.5535140037537 0.8 1.2 72.0630733944954 -67.64032451923076 0.0 0.0 '05/08/2021' '14:47:54' 
1036.3639552593231 0.8 1.1 124.07568807339447 -424.7647235576923 0.0 0.0 '05/08/2021' '14:47:56' 
1039.1495082378387 0.8 1.8 105.884747706422 35.230769230769226 0.0 0.0 '05/08/2021' '14:47:59' 
1041.965529203415 0.9 1.8 29.45584862385321 -39.15294471153847 0.0 0.0 '05/08/2021' '14:48:02' 
1044.783974647522 0.9 1.8 -152.75 -850.3551682692307 0.0 0.0 '05/08/2021' '14:48:05' 
1047.5932323932648 0.9 1.8 60.07052752293577 -145.60216346153845 0.0 0.0 '05/08/2021' '14:48:08' 
1050.4274351596832 0.8 2.3 -225.54071100917432 -229.34405048076923 0.0 0.0 '05/08/2021' '14:48:11' 
1053.231389760971 0.8 2.2 -159.83772935779817 -555.4350961538461 0.0 0.0 '05/08/2021' '14:48:13' 
1056.0186908245087 0.9 2.2 -54.411123853211016 -418.0901442307692 0.0 0.0 '05/08/2021' '14:48:16' 
1058.8842406272888 0.9 2.2 162.47878440366972 -832.5333533653846 0.0 0.0 '05/08/2021' '14:48:19' 
1061.728842973709 0.9 2.2 23.041857798165136 -582.6150841346154 0.0 0.0 '05/08/2021' '14:48:22' 
1064.5265095233917 0.9 2.4 -415.1037844036697 -536.0994591346154 0.0 0.0 '05/08/2021' '14:48:25' 
1067.350513935089 0.9 2.4 -236.15883027522935 -1374.89453125 0.0 0.0 '05/08/2021' '14:48:27' 
1070.222776889801 0.8 2.4 -202.25630733944953 -1275.119891826923 0.0 0.0 '05/08/2021' '14:48:30' 
1073.0986108779907 0.8 2.4 260.0091743119266 -631.3326322115385 0.0 0.0 '05/08/2021' '14:48:33' 
1075.8948600292206 0.8 2.4 149.19266055045867 -858.8188100961538 0.0 0.0 '05/08/2021' '14:48:36' 
1078.6917724609375 0.8 2.5 409.25573394495405 -547.9347956730769 0.0 0.0 '05/08/2021' '14:48:39' 
1081.4611232280731 0.9 2.5 -99.65940366972475 -573.39453125 0.0 0.0 '05/08/2021' '14:48:42' 
1084.236486673355 0.9 2.6 -159.99942660550457 -1092.3602764423076 0.0 0.0 '05/08/2021' '14:48:44' 
1087.026654958725 0.9 2.6 15.3881880733945 -447.54086538461536 0.0 0.0 '05/08/2021' '14:48:47' 
1089.797712802887 0.9 2.5 -27.892775229357795 -637.4567307692307 0.0 0.0 '05/08/2021' '14:48:50' 
1092.5935497283936 0.9 3.0 -471.5091743119266 -500.7998798076923 0.0 0.0 '05/08/2021' '14:48:53' 
1095.4067902565002 0.9 2.7 -253.27178899082566 -450.84375 0.0 0.0 '05/08/2021' '14:48:55' 
1098.1820917129517 0.9 2.7 -168.24598623853208 -739.5021033653846 0.0 0.0 '05/08/2021' '14:48:58' 
1100.9873945713043 0.9 2.7 100.7373853211009 -390.42848557692304 0.0 0.0 '05/08/2021' '14:49:01' 
1103.7922410964966 0.9 2.7 238.2608944954128 -824.9642427884615 0.0 0.0 '05/08/2021' '14:49:04' 
1106.5798561573029 1.0 2.7 53.41399082568807 1.4450120192307692 0.0 0.0 '05/08/2021' '14:49:07' 
1109.3893711566925 1.0 2.7 83.786123853211 -148.01051682692307 0.0 0.0 '05/08/2021' '14:49:09' 
1112.1619107723236 1.0 2.7 -272.2173165137615 226.86688701923077 0.0 0.0 '05/08/2021' '14:49:12' 
1114.9648623466492 1.0 2.7 -234.51490825688072 201.95763221153845 0.0 0.0 '05/08/2021' '14:49:15' 
1117.7540922164917 1.0 2.5 417.0711009174311 -813.6105769230769 0.0 0.0 '05/08/2021' '14:49:18' 
1120.5851383209229 1.0 2.5 208.83199541284407 167.0021033653846 0.0 0.0 '05/08/2021' '14:49:21' 
1123.43141913414 0.9 1.9 78.88130733944953 105.4170673076923 0.0 0.0 '05/08/2021' '14:49:24' 
1126.29252743721 0.9 1.9 -163.90711009174314 -102.80228365384615 0.0 0.0 '05/08/2021' '14:49:26' 
1129.114445924759 0.9 1.9 -557.9094036697247 77.9618389423077 0.0 0.0 '05/08/2021' '14:49:29' 
1131.917541027069 0.9 3.0 -511.529243119266 381.75841346153845 0.0 0.0 '05/08/2021' '14:49:32' 
1134.7716319561005 0.9 2.6 -397.8560779816513 -399.85546875 0.0 0.0 '05/08/2021' '14:49:35' 
1137.621164560318 0.9 2.7 -241.71043577981646 50.57542067307692 0.0 0.0 '05/08/2021' '14:49:38' 
1140.4740996360779 1.0 2.7 -213.27866972477062 -59.17668269230769 0.0 0.0 '05/08/2021' '14:49:41' 
1143.3236746788025 1.0 2.7 -8.89334862385321 -759.5258413461538 0.0 0.0 '05/08/2021' '14:49:43' 
1146.1963763237 1.0 2.9 27.838876146788987 -169.61688701923077 0.0 0.0 '05/08/2021' '14:49:46' 
1149.0307805538177 1.0 2.6 191.50344036697243 -20.23016826923077 0.0 0.0 '05/08/2021' '14:49:49' 
1151.8712494373322 1.0 2.6 409.4443807339449 -546.0081129807693 0.0 0.0 '05/08/2021' '14:49:52' 
1154.6765847206116 1.0 2.6 232.49369266055044 194.11328125 0.0 0.0 '05/08/2021' '14:49:55' 
1157.4862542152405 1.0 2.6 105.26490825688073 225.83473557692307 0.0 0.0 '05/08/2021' '14:49:58' 
1160.2912895679474 1.0 2.6 -109.38818807339449 -626.9287860576923 0.0 0.0 '05/08/2021' '14:50:00' 
1163.0740461349487 1.0 2.5 -141.48509174311926 214.6875 0.0 0.0 '05/08/2021' '14:50:03' 
1165.8920681476593 0.9 3.4 -24.65883027522936 -227.8302283653846 0.0 0.0 '05/08/2021' '14:50:06' 
1171.645251274109 0.9 3.4 124.56077981651376 4.197415865384615 0.0 0.0 '05/08/2021' '14:50:12' 
1175.0707733631134 0.9 3.4 502.79759174311926 -113.7430889423077 0.0 0.0 '05/08/2021' '14:50:15' 
